0.000000000000000000e+00 9.900000000000000813e-03 7.000000000000000000e+00
1.000000000000000056e-01 5.859999999999999931e-02 7.000000000000000000e+00
2.000000000000000111e-01 9.819999999999999563e-02 7.000000000000000000e+00
2.999999999999999889e-01 1.353000000000000036e-01 7.000000000000000000e+00
4.000000000000000222e-01 1.698999999999999955e-01 7.000000000000000000e+00
5.000000000000000000e-01 2.021000000000000019e-01 7.000000000000000000e+00
5.999999999999999778e-01 2.318999999999999950e-01 7.000000000000000000e+00
6.999999999999999556e-01 2.600000000000000089e-01 7.000000000000000000e+00
8.000000000000000444e-01 2.854999999999999760e-01 7.000000000000000000e+00
9.000000000000000222e-01 3.074000000000000066e-01 7.000000000000000000e+00
1.000000000000000000e+00 3.251000000000000001e-01 7.000000000000000000e+00
1.100000000000000089e+00 3.377000000000000002e-01 7.000000000000000000e+00
1.199999999999999956e+00 3.449999999999999734e-01 7.000000000000000000e+00
1.300000000000000044e+00 3.466000000000000192e-01 7.000000000000000000e+00
1.399999999999999911e+00 3.422000000000000042e-01 7.000000000000000000e+00
1.500000000000000000e+00 3.312999999999999834e-01 7.000000000000000000e+00
1.600000000000000089e+00 3.135000000000000009e-01 7.000000000000000000e+00
1.699999999999999956e+00 2.878999999999999893e-01 7.000000000000000000e+00
1.800000000000000044e+00 2.533000000000000251e-01 7.000000000000000000e+00
1.899999999999999911e+00 2.078000000000000125e-01 7.000000000000000000e+00
2.000000000000000000e+00 1.484999999999999931e-01 7.000000000000000000e+00
2.100000000000000089e+00 6.880000000000000004e-02 7.000000000000000000e+00
2.151800000000000157e+00 1.179999999999999973e-02 7.000000000000000000e+00
2.100000000000000089e+00 1.949999999999999997e-02 7.000000000000000000e+00
2.000000000000000000e+00 6.360000000000000375e-02 7.000000000000000000e+00
1.899999999999999911e+00 9.700000000000000289e-02 7.000000000000000000e+00
1.800000000000000044e+00 1.221000000000000002e-01 7.000000000000000000e+00
1.699999999999999956e+00 1.403999999999999970e-01 7.000000000000000000e+00
1.600000000000000089e+00 1.529999999999999971e-01 7.000000000000000000e+00
1.500000000000000000e+00 1.605000000000000038e-01 7.000000000000000000e+00
1.399999999999999911e+00 1.638000000000000012e-01 7.000000000000000000e+00
1.300000000000000044e+00 1.630000000000000060e-01 7.000000000000000000e+00
1.199999999999999956e+00 1.585999999999999910e-01 7.000000000000000000e+00
1.100000000000000089e+00 1.509999999999999953e-01 7.000000000000000000e+00
1.000000000000000000e+00 1.405000000000000138e-01 7.000000000000000000e+00
9.000000000000000222e-01 1.277000000000000079e-01 7.000000000000000000e+00
8.000000000000000444e-01 1.131999999999999951e-01 7.000000000000000000e+00
6.999999999999999556e-01 9.879999999999999893e-02 7.000000000000000000e+00
5.999999999999999778e-01 8.450000000000000566e-02 7.000000000000000000e+00
5.000000000000000000e-01 7.030000000000000138e-02 7.000000000000000000e+00
4.000000000000000222e-01 5.619999999999999996e-02 7.000000000000000000e+00
2.999999999999999889e-01 4.189999999999999974e-02 7.000000000000000000e+00
2.000000000000000111e-01 2.759999999999999953e-02 7.000000000000000000e+00
1.000000000000000056e-01 1.310000000000000053e-02 7.000000000000000000e+00
0.000000000000000000e+00 9.900000000000000813e-03 7.000000000000000000e+00
