0.000000000000000000e+00 9.599999999999999159e-03 7.200000000000000178e+00
1.000000000000000056e-01 5.430000000000000104e-02 7.200000000000000178e+00
2.000000000000000111e-01 9.610000000000000486e-02 7.200000000000000178e+00
2.999999999999999889e-01 1.234999999999999987e-01 7.200000000000000178e+00
4.000000000000000222e-01 1.545999999999999874e-01 7.200000000000000178e+00
5.000000000000000000e-01 1.832999999999999907e-01 7.200000000000000178e+00
5.999999999999999778e-01 2.097999999999999865e-01 7.200000000000000178e+00
6.999999999999999556e-01 2.340000000000000135e-01 7.200000000000000178e+00
8.000000000000000444e-01 2.560000000000000053e-01 7.200000000000000178e+00
9.000000000000000222e-01 2.757000000000000006e-01 7.200000000000000178e+00
1.000000000000000000e+00 2.916000000000000258e-01 7.200000000000000178e+00
1.100000000000000089e+00 3.024000000000000021e-01 7.200000000000000178e+00
1.199999999999999956e+00 3.076999999999999735e-01 7.200000000000000178e+00
1.300000000000000044e+00 3.076999999999999735e-01 7.200000000000000178e+00
1.399999999999999911e+00 3.020999999999999797e-01 7.200000000000000178e+00
1.500000000000000000e+00 2.908000000000000029e-01 7.200000000000000178e+00
1.600000000000000089e+00 2.733999999999999764e-01 7.200000000000000178e+00
1.699999999999999956e+00 2.492999999999999938e-01 7.200000000000000178e+00
1.800000000000000044e+00 2.177999999999999936e-01 7.200000000000000178e+00
1.899999999999999911e+00 1.778000000000000136e-01 7.200000000000000178e+00
2.000000000000000000e+00 1.277000000000000079e-01 7.200000000000000178e+00
2.100000000000000089e+00 6.439999999999999891e-02 7.200000000000000178e+00
2.162799999999999834e+00 1.099999999999999936e-02 7.200000000000000178e+00
2.100000000000000089e+00 1.830000000000000029e-02 7.200000000000000178e+00
2.000000000000000000e+00 4.979999999999999705e-02 7.200000000000000178e+00
1.899999999999999911e+00 7.489999999999999436e-02 7.200000000000000178e+00
1.800000000000000044e+00 9.460000000000000353e-02 7.200000000000000178e+00
1.699999999999999956e+00 1.097999999999999948e-01 7.200000000000000178e+00
1.600000000000000089e+00 1.208999999999999936e-01 7.200000000000000178e+00
1.500000000000000000e+00 1.282000000000000084e-01 7.200000000000000178e+00
1.399999999999999911e+00 1.322000000000000119e-01 7.200000000000000178e+00
1.300000000000000044e+00 1.328999999999999904e-01 7.200000000000000178e+00
1.199999999999999956e+00 1.305000000000000049e-01 7.200000000000000178e+00
1.100000000000000089e+00 1.254000000000000115e-01 7.200000000000000178e+00
1.000000000000000000e+00 1.179000000000000048e-01 7.200000000000000178e+00
9.000000000000000222e-01 1.072000000000000036e-01 7.200000000000000178e+00
8.000000000000000444e-01 9.550000000000000155e-02 7.200000000000000178e+00
6.999999999999999556e-01 8.400000000000000522e-02 7.200000000000000178e+00
5.999999999999999778e-01 7.240000000000000602e-02 7.200000000000000178e+00
5.000000000000000000e-01 6.049999999999999822e-02 7.200000000000000178e+00
4.000000000000000222e-01 4.850000000000000144e-02 7.200000000000000178e+00
2.999999999999999889e-01 3.640000000000000180e-02 7.200000000000000178e+00
2.000000000000000111e-01 2.400000000000000050e-02 7.200000000000000178e+00
1.000000000000000056e-01 1.149999999999999981e-02 7.200000000000000178e+00
0.000000000000000000e+00 9.599999999999999159e-03 7.200000000000000178e+00
