x,r
-5,5.075
-4.93974,5.05255
-4.87934,5.03051
-4.81878,5.00886
-4.75812,4.98756
-4.69734,4.96656
-4.63648,4.94581
-4.57553,4.92531
-4.51451,4.90504
-4.45342,4.88496
-4.39226,4.8651
-4.33104,4.84543
-4.26976,4.82595
-4.20842,4.80667
-4.14702,4.78757
-4.08556,4.76865
-4.02404,4.74993
-3.96246,4.73141
-3.90083,4.71308
-3.83913,4.69495
-3.77737,4.67708
-3.71553,4.65944
-3.65369,4.64183
-3.59182,4.62429
-3.52982,4.60723
-3.46767,4.59075
-3.40546,4.57449
-3.34324,4.55826
-3.28096,4.54224
-3.21861,4.52656
-3.15617,4.51118
-3.09366,4.49607
-3.03109,4.48127
-2.96844,4.46678
-2.90572,4.45261
-2.84293,4.43876
-2.78006,4.42524
-2.71712,4.41207
-2.65411,4.39925
-2.59103,4.38678
-2.52787,4.37468
-2.46465,4.36296
-2.40136,4.35161
-2.33799,4.34065
-2.27457,4.33009
-2.21107,4.31993
-2.14751,4.31018
-2.08389,4.30085
-2.02021,4.29194
-1.95647,4.28347
-1.89267,4.27544
-1.82881,4.26784
-1.76491,4.2607
-1.70096,4.254
-1.63695,4.24777
-1.57292,4.242
-1.50883,4.23671
-1.44471,4.23189
-1.38055,4.22754
-1.31636,4.22366
-1.25216,4.22027
-1.18792,4.21738
-1.12367,4.21496
-1.05939,4.21303
-0.99511,4.21159
-0.93081,4.21065
-0.8665,4.21019
-0.80221,4.21023
-0.7379,4.21075
-0.67361,4.21175
-0.60932,4.21325
-0.54505,4.21525
-0.4808,4.21772
-0.41656,4.22067
-0.35236,4.22412
-0.28817,4.22804
-0.22402,4.23244
-0.1599,4.23733
-0.09582,4.24269
-0.03179,4.24854
0.03221,4.25485
0.09614,4.26163
0.16004,4.2689
0.22387,4.27664
0.28765,4.28485
0.35136,4.29353
0.41501,4.3027
0.47858,4.31233
0.54209,4.32244
0.60551,4.33304
0.66885,4.34411
0.7321,4.35567
0.79527,4.36772
0.85833,4.38025
0.92131,4.39329
0.98417,4.40681
1.04692,4.42085
1.10956,4.43539
1.17208,4.45045
1.23446,4.46603
1.29671,4.48214
1.35882,4.49879
1.42078,4.51597
1.48259,4.53372
1.54423,4.55202
1.60571,4.5709
1.66699,4.59034
1.72809,4.61039
1.78899,4.63104
1.84968,4.65229
1.91014,4.67417
1.97038,4.69667
2.03037,4.71983
2.0901,4.74364
2.14955,4.76812
2.20874,4.79328
2.26761,4.81913
2.32617,4.8457
2.3844,4.87298
2.44227,4.90099
2.49979,4.92974
2.55693,4.95925
2.61366,4.98954
2.66996,5.02059
2.72582,5.05244
2.78122,5.08509
2.83612,5.11855
2.89052,5.15285
2.94439,5.18796
2.9977,5.22391
3.05043,5.26072
3.10255,5.29837
3.15405,5.33687
3.2049,5.37625
3.25505,5.41647
3.30451,5.45758
3.35323,5.49953
3.40121,5.54236
3.44839,5.58604
3.49478,5.63057
3.54034,5.67595
3.58504,5.72217
3.62888,5.76922
3.67182,5.81708
3.71384,5.86576
3.75494,5.91521
3.79508,5.96545
3.83426,6.01643
3.87247,6.06816
3.90968,6.1206
3.94589,6.17374
3.9811,6.22755
4.01528,6.28201
4.04844,6.33711
4.08058,6.3928
4.1117,6.44908
4.14177,6.50591
4.17083,6.56328
4.19887,6.62114
4.2259,6.67949
4.25192,6.73829
4.27694,6.79752
4.30098,6.85717
4.32406,6.9172
4.34617,6.97757
4.36733,7.03829
4.38759,7.09932
4.40694,7.16064
4.42541,7.22224
4.44302,7.28409
4.4598,7.34615
4.47576,7.40845
4.49093,7.47093
4.50536,7.5336
4.51904,7.59643
4.53203,7.65941
4.54434,7.72252
4.55602,7.78575
4.56708,7.8491
4.57757,7.91254
4.58753,7.97607
4.59697,8.03967
4.60595,8.10335
4.6145,8.16707
4.62265,8.23086
4.63046,8.29469
4.63794,8.35855
4.64519,8.42245
4.65223,8.48637
4.65902,8.5503
4.6633,8.59066
4.6676,8.63102
4.67553,8.67082
4.68566,8.71009
4.69716,8.74901
4.70994,8.78754
4.72258,8.82611
4.73439,8.86493
4.74544,8.90398
4.75872,8.96449
4.7712,9.02518
4.7826,9.08607
4.7927,9.14719
4.80259,9.20835
4.81199,9.26958
4.8209,9.33089
4.82884,9.39233
4.8356,9.45391
4.84166,9.51556
4.84759,9.57723
4.85365,9.63888
4.85967,9.70054
4.8656,9.76221
4.87094,9.82393
4.87489,9.88575
4.87798,9.94762
4.88064,10.00952
4.88281,10.07143
4.8842,10.13336
4.88502,10.19531
4.88551,10.25726
4.8858,10.31921
4.88593,10.38116
4.88597,10.44311
4.88593,10.50507
4.88623,10.5528
4.887,10.58772
4.88788,10.62263
4.88873,10.65755
4.88948,10.69247
4.89024,10.72738
4.89139,10.76229
4.89294,10.79718
4.89478,10.83206
4.89692,10.86692
4.89942,10.90176
4.90236,10.93656
4.90572,10.97132
4.90945,11.00605
4.91356,11.04074
4.91806,11.07537
4.92293,11.10996
4.92868,11.1444
4.93585,11.17858
4.94418,11.21249
4.95345,11.24617
4.9636,11.27958
4.97469,11.3127
4.98692,11.34541
5.00051,11.37758
5.01505,11.40934
5.03054,11.44064
5.04712,11.47138
5.06493,11.50142
5.084,11.53067
5.10424,11.55914
5.12529,11.587
5.14721,11.61418
5.17007,11.64058
5.19388,11.66613
5.21859,11.69081
5.24409,11.71466
5.27026,11.7378
5.29695,11.76032
5.32407,11.78232
5.35157,11.80385
5.3794,11.82495
5.40768,11.84545
5.43665,11.86494
5.46638,11.88325
5.49673,11.90053
5.52753,11.91699
5.55862,11.9329
5.58994,11.94836
5.62155,11.96321
5.65347,11.97737
5.68564,11.99097
5.71802,12.00407
5.75058,12.0167
5.78334,12.02883
5.81628,12.04041
5.84946,12.05133
5.8829,12.0614
5.91662,12.07049
5.95059,12.07858
5.98477,12.08577
6.01908,12.09227
6.05348,12.09832
6.08791,12.10419
6.12237,12.10991
6.15688,12.11526
6.19146,12.12018
6.22609,12.1247
6.26077,12.12884
6.29549,12.13263
6.33025,12.13608
6.36503,12.13923
6.39984,12.14207
6.43468,12.14464
6.46953,12.14692
6.5044,12.14894
6.53928,12.15073
6.57417,12.15235
6.60906,12.15384
6.64396,12.15522
6.67887,12.15653
6.71377,12.1578
6.74867,12.15906
6.78358,12.16032
6.81848,12.16161
6.85338,12.16295
6.88828,12.16432
6.92318,12.16569
6.95808,12.16705
6.99298,12.1684
7.02789,12.16974
7.06279,12.17106
7.09769,12.17238
7.13259,12.17368
7.1675,12.17497
7.2024,12.17624
7.2373,12.1775
7.27221,12.17875
7.30711,12.17999
7.34202,12.18121
7.44984,12.1818
7.6269,12.1818
7.80395,12.1818
7.981,12.1818
8.15806,12.1818
8.33511,12.1818
8.51216,12.1818
8.68922,12.1818
8.86627,12.1818
9.04332,12.1818
9.22038,12.1818
9.39743,12.1818
9.57448,12.1818
9.75154,12.1818
9.92859,12.1818
10.10564,12.1818
10.28269,12.1818
10.45975,12.1818
10.6368,12.1818
10.81385,12.1818
10.99091,12.1818
11.16796,12.1818
11.34501,12.1818
11.52207,12.1818
11.69912,12.1818
