#	Profile	1	at	0.00%
	0.030697324	-2.09768896	17.6667508	
	0.029621385	-2.09671638	17.6666512	
	0.028625463	-2.09565164	17.6665786	
	0.027712841	-2.09449823	17.666533	
	0.026886526	-2.09325996	17.6665146	
	0.026149239	-2.09194091	17.6665236	
	0.025503412	-2.09054542	17.6665597	
	0.02495117	-2.08907808	17.6666229	
	0.024494335	-2.08754374	17.666713	
	0.024134412	-2.08594745	17.6668297	
	0.023872587	-2.08429445	17.6669724	
	0.023709722	-2.0825902	17.6671409	
	0.023646355	-2.08084031	17.6673344	
	0.023682695	-2.07905055	17.6675524	
	0.023818623	-2.07722679	17.667794	
	0.02405369	-2.07537506	17.6680586	
	0.024387122	-2.07350145	17.6683452	
	0.024817822	-2.07161213	17.6686529	
	0.02534437	-2.06971333	17.6689806	
	0.025965031	-2.06781128	17.6693273	
	0.026677761	-2.06591227	17.6696918	
	0.027480212	-2.06402253	17.670073	
	0.02836974	-2.0621483	17.6704695	
	0.029343414	-2.06029575	17.6708801	
	0.030398025	-2.05847097	17.6713035	
	0.032912339	-2.05431311	17.6722899	
	0.036724637	-2.04801087	17.6737846	
	0.041835986	-2.0395651	17.6757872	
	0.048243126	-2.02898429	17.678295	
	0.055941673	-2.01627872	17.6813049	
	0.064925984	-2.00146034	17.6848128	
	0.075186578	-1.98454056	17.688814	
	0.086704651	-1.96552601	17.6933022	
	0.099466614	-1.94443037	17.6982709	
	0.113522821	-1.92132286	17.7037208	
	0.12891277	-1.89626614	17.7096517	
	0.145542731	-1.86921464	17.7160467	
	0.163379506	-1.8401758	17.7228958	
	0.182420904	-1.80918519	17.7301921	
	0.202629467	-1.7762503	17.7379239	
	0.224287642	-1.74165055	17.7461233	
	0.247213644	-1.705279	17.7547605	
	0.27128643	-1.66707897	17.7638127	
	0.296469451	-1.62707272	17.7732673	
	0.323067044	-1.58556357	17.7831657	
	0.350979921	-1.54252055	17.7934894	
	0.380001006	-1.49783614	17.8041965	
	0.41014185	-1.45156751	17.8152841	
	0.441629697	-1.40397696	17.8267848	
	0.474253788	-1.35494353	17.8386477	
	0.507921154	-1.30445713	17.8508369	
	0.542852892	-1.25275858	17.8633739	
	0.578952552	-1.19982593	17.8762151	
	0.616071582	-1.14559171	17.8892925	
	0.654513817	-1.0903896	17.9026366	
	0.694072076	-1.03413884	17.916186	
	0.734635566	-0.976736497	17.929895	
	0.776645487	-0.918675629	17.9438129	
	0.819661093	-0.859603374	17.9577818	
	0.863952689	-0.799852724	17.9718725	
	0.909609508	-0.739589854	17.9861086	
	0.956283251	-0.678579456	18.0004195	
	1.00463488	-0.617516396	18.0149651	
	1.05412552	-0.556018971	18.0296501	
	1.10461505	-0.494100126	18.0444662	
	1.15613202	-0.431864197	18.0594657	
	1.20853421	-0.369301135	18.0746584	
	1.26177731	-0.306428119	18.0900025	
	1.31586131	-0.243369856	18.1055109	
	1.37136187	-0.180341669	18.1213417	
	1.42761912	-0.117695084	18.1373428	
	1.4849203	-0.055799681	18.1536078	
	1.54319577	0.005537969	18.170512	
	1.60237156	0.066373308	18.1878558	
	1.66306844	0.12610965	18.2049788	
	1.7245341	0.185412395	18.2217637	
	1.78743303	0.243384299	18.2383591	
	1.85102549	0.300789361	18.2545521	
	1.91542916	0.357274009	18.270372	
	1.98048195	0.412953472	18.2857723	
	2.04622713	0.467597854	18.3007838	
	2.11261922	0.521085527	18.3154274	
	2.17957	0.57336175	18.329716	
	2.24749551	0.623660979	18.3438064	
	2.31567834	0.672731223	18.3575445	
	2.38439326	0.719994956	18.3710504	
	2.45324154	0.765805754	18.3842551	
	2.52210369	0.810148855	18.3971541	
	2.590904	0.852973769	18.4097399	
	2.65953687	0.894248413	18.4220015	
	2.72846353	0.933357294	18.4340396	
	2.79676392	0.970739927	18.4459255	
	2.86460671	1.0063004	18.4580577	
	2.93192547	1.04002284	18.4700303	
	2.99850684	1.07218772	18.4816119	
	3.06449909	1.10228824	18.4929157	
	3.12954705	1.13080582	18.5038522	
	3.19356067	1.15774336	18.5144242	
	3.25661405	1.18276803	18.5246821	
	3.318385	1.20637262	18.5345491	
	3.3788485	1.22845434	18.5440444	
	3.43804874	1.24874653	18.5532114	
	3.49568748	1.26776764	18.5619784	
	3.55171364	1.28550292	18.570357	
	3.6062089	1.30160854	18.5784028	
	3.65891054	1.31658559	18.5860754	
	3.70973447	1.33052712	18.593385	
	3.75868682	1.34330466	18.6003734	
	3.80569433	1.35499856	18.6070487	
	3.8506407	1.36582593	18.6133908	
	3.89347648	1.37583551	18.6194055	
	3.93419015	1.38497379	18.6251069	
	3.97275573	1.39322631	18.6305019	
	4.00907616	1.40080016	18.6355717	
	4.04311838	1.40772374	18.6403173	
	4.07484746	1.4140353	18.644737	
	4.10424021	1.41974352	18.648832	
	4.13130205	1.42476959	18.652613	
	4.15598573	1.42920366	18.6560692	
	4.17823964	1.43315852	18.6591861	
	4.19805097	1.43662888	18.6619636	
	4.21540126	1.4396322	18.6643984	
	4.23027455	1.44218215	18.6664876	
	4.24265804	1.44428723	18.6682287	
	4.25254117	1.44595466	18.6696194	
	4.25991529	1.44719079	18.6706578	
	4.26477421	1.4480013	18.6713425	
	4.26705336	1.44833526	18.6716673	
	4.26932332	1.44857649	18.6719979	
	4.27157679	1.44872421	18.6723332	
	4.27380651	1.44877797	18.6726722	
	4.27600531	1.44873762	18.6730138	
	4.27816611	1.44860332	18.6733568	
	4.28028197	1.44837551	18.6737002	
	4.28234611	1.44805496	18.6740429	
	4.2843519	1.44764274	18.6743837	
	4.2862929	1.44714019	18.6747216	
	4.28816291	1.44654898	18.6750553	
	4.28995594	1.44587102	18.675384	
	4.29166625	1.44510855	18.6757064	
	4.29328839	1.44426404	18.6760216	
	4.29481718	1.44334024	18.6763286	
	4.29624776	1.44234015	18.6766262	
	4.29757557	1.44126702	18.6769136	
	4.2987964	1.44012432	18.6771899	
	4.29990638	1.43891575	18.677454	
	4.30090198	1.43764522	18.6777053	
	4.30178008	1.43631682	18.6779428	
	4.30253791	1.43493484	18.6781658	
	4.30317309	1.43350373	18.6783735	
	4.30368363	1.4320281	18.6785654	
	4.30406795	1.43051268	18.6787407	
	4.30432487	1.42896235	18.678899	
	4.30445363	1.42738206	18.6790397	
	4.30445385	1.42577689	18.6791623	
	4.30432558	1.42415197	18.6792665	
	4.30406927	1.4225125	18.6793519	
	4.3036858	1.42086372	18.6794183	
	4.30317642	1.41921089	18.6794655	
	4.3025428	1.41755928	18.6794933	
	4.301787	1.41591416	18.6795016	
	4.30091147	1.41428076	18.6794904	
	4.29991902	1.41266428	18.6794598	
	4.29881285	1.41106987	18.6794099	
	4.29759651	1.4095026	18.6793409	
	4.2962739	1.40796743	18.6792529	
	4.29484925	1.40646926	18.6791463	
	4.29332711	1.40501282	18.6790215	
	4.29171235	1.40360275	18.6788788	
	4.29001011	1.40224351	18.6787188	
	4.28822583	1.40093942	18.6785419	
	4.28636518	1.39969461	18.6783487	
	4.28443409	1.39851302	18.6781399	
	4.2824387	1.39739841	18.6779162	
	4.28038537	1.3963543	18.6776782	
	4.27595548	1.39420714	18.6771568	
	4.26923394	1.39094677	18.6763656	
	4.26022885	1.38657293	18.6753057	
	4.24895262	1.38108414	18.6739785	
	4.23542123	1.37447734	18.672386	
	4.21965399	1.36674828	18.6705305	
	4.20167286	1.35789466	18.6684141	
	4.18150335	1.34791413	18.666039	
	4.15918247	1.33677861	18.6634107	
	4.13471488	1.32457339	18.6605206	
	4.10811606	1.31135664	18.6573633	
	4.07946061	1.29701336	18.6539538	
	4.04880149	1.28151054	18.650297	
	4.01618681	1.2648402	18.6463939	
	3.98167372	1.24697927	18.642247	
	3.94526293	1.22807838	18.6378371	
	3.9070332	1.20806201	18.63317	
	3.86708469	1.18681257	18.6282568	
	3.82548728	1.16431031	18.6230993	
	3.78225129	1.14070084	18.617674	
	3.73743854	1.1159903	18.6119749	
	3.69119848	1.08997301	18.6060228	
	3.64359833	1.06266445	18.5998004	
	3.5945339	1.0344893	18.59324	
	3.5442483	1.00502986	18.586379	
	3.49285798	0.974201108	18.5792099	
	3.44023353	0.942456741	18.5716737	
	3.38659356	0.909469304	18.5638093	
	3.33209067	0.875081812	18.555638	
	3.27658252	0.839740939	18.547099	
	3.22032626	0.803075123	18.5382423	
	3.16341653	0.765058135	18.5290748	
	3.10568056	0.726154226	18.5195323	
	3.04746159	0.685842088	18.5096894	
	2.98868637	0.644425196	18.4995034	
	2.92938417	0.601923496	18.4889768	
	2.87001767	0.558184059	18.4781608	
	2.80988547	0.51365897	18.4670017	
	2.74950281	0.467870176	18.4559409	
	2.68894133	0.42085134	18.4448953	
	2.62835103	0.372625329	18.4335017	
	2.56775548	0.323269753	18.4218056	
	2.50690549	0.273243987	18.4097141	
	2.44621189	0.222088043	18.397334	
	2.38508453	0.170681834	18.384514	
	2.32406895	0.118392821	18.3713673	
	2.2631826	0.065328716	18.3578736	
	2.2024904	0.011522793	18.3440211	
	2.1421317	-0.043087491	18.3298159	
	2.08203769	-0.0982245	18.3152154	
	2.02239488	-0.154054024	18.3002389	
	1.96255375	-0.209656813	18.2847091	
	1.90324952	-0.265758099	18.2687813	
	1.84382626	-0.321522609	18.2522898	
	1.78474184	-0.377376986	18.2353478	
	1.72594402	-0.433111771	18.2179511	
	1.66754583	-0.488380443	18.2001373	
	1.61017555	-0.54368327	18.182114	
	1.55312364	-0.599048243	18.1635856	
	1.49682994	-0.654499937	18.1452528	
	1.44120516	-0.710005083	18.1275968	
	1.3863741	-0.765408255	18.1101828	
	1.33225229	-0.82053693	18.0929907	
	1.27893439	-0.875334739	18.0760138	
	1.22633487	-0.92966133	18.0592377	
	1.17395048	-0.982963859	18.0425487	
	1.12246861	-1.03577433	18.0261209	
	1.07157527	-1.08770095	18.009892	
	1.02140876	-1.13875527	17.9938375	
	0.972290063	-1.18912739	17.9780042	
	0.923794667	-1.23831667	17.9622899	
	0.876401415	-1.28668579	17.9467746	
	0.830041939	-1.33400856	17.931446	
	0.784561333	-1.38009195	17.9162726	
	0.740312211	-1.42515641	17.901306	
	0.697172735	-1.46903013	17.8865821	
	0.655073059	-1.51158737	17.8721463	
	0.614276835	-1.5529741	17.8580777	
	0.574735489	-1.59308774	17.8443869	
	0.536277109	-1.6317174	17.8310791	
	0.499165599	-1.6690388	17.8182418	
	0.463452631	-1.7050245	17.8059094	
	0.428975576	-1.73948891	17.794072	
	0.395670251	-1.77231842	17.7827361	
	0.36388372	-1.80374471	17.7719662	
	0.333621961	-1.8337186	17.7617582	
	0.304804983	-1.86211696	17.7521013	
	0.277291215	-1.88877031	17.7429757	
	0.251400981	-1.91389971	17.7344249	
	0.227133879	-1.93745799	17.7264458	
	0.204523748	-1.95943058	17.7190396	
	0.183571301	-1.97977858	17.7122043	
	0.164214327	-1.99841355	17.7059306	
	0.146522085	-2.01535964	17.7002254	
	0.130572605	-2.03065137	17.6950964	
	0.116377548	-2.04427131	17.6905429	
	0.10394085	-2.05619859	17.6865639	
	0.093273142	-2.0664207	17.683159	
	0.084386209	-2.07492924	17.6803285	
	0.077290342	-2.08171771	17.6780723	
	0.071994108	-2.08678128	17.6763907	
	0.068499339	-2.09012102	17.6752821	
	0.066955664	-2.09153804	17.6747995	
	0.065368952	-2.09287996	17.6743173	
	0.063744425	-2.09414236	17.6738369	
	0.062087431	-2.09532109	17.67336	
	0.060403423	-2.09641226	17.6728883	
	0.058697947	-2.09741229	17.6724232	
	0.056976617	-2.09831787	17.6719665	
	0.055245103	-2.09912603	17.6715195	
	0.053509106	-2.09983411	17.6710838	
	0.051774346	-2.10043978	17.6706609	
	0.050046538	-2.10094104	17.6702521	
	0.048331374	-2.10133624	17.6698587	
	0.046634506	-2.10162409	17.6694822	
	0.044961527	-2.10180363	17.6691237	
	0.043317951	-2.10187427	17.6687843	
	0.041709197	-2.10183578	17.6684653	
	0.040140567	-2.10168828	17.6681675	
	0.038617234	-2.10143226	17.6678921	
	0.037144222	-2.10106857	17.6676398	
	0.035726388	-2.10059839	17.6674115	
	0.034368409	-2.10002328	17.6672078	
	0.033074765	-2.09934513	17.6670295	
	0.031849722	-2.09856617	17.666877	
	0.030697324	-2.09768896	17.6667508	
#	Profile	2	at	20%
	0.095642829	-2.16398435	19.1616827	
	0.09464054	-2.16311631	19.1616543	
	0.093712731	-2.16216078	19.1616452	
	0.092862593	-2.16112104	19.1616552	
	0.09209305	-2.1600007	19.1616845	
	0.091406749	-2.15880359	19.1617329	
	0.09080605	-2.15753384	19.1618001	
	0.090293018	-2.15619582	19.161886	
	0.089869418	-2.15479414	19.1619903	
	0.089536706	-2.15333362	19.1621125	
	0.089296027	-2.15181927	19.1622523	
	0.089148208	-2.15025632	19.1624091	
	0.089093758	-2.14865013	19.1625824	
	0.089132863	-2.14700622	19.1627716	
	0.089265388	-2.14533026	19.162976	
	0.089490879	-2.14362799	19.1631949	
	0.08980856	-2.14190528	19.1634276	
	0.090217338	-2.14016805	19.1636732	
	0.090715807	-2.13842226	19.163931	
	0.091302253	-2.13667392	19.1641999	
	0.091974659	-2.13492904	19.1644792	
	0.092730712	-2.13319362	19.1647678	
	0.093567812	-2.13147363	19.1650647	
	0.094483079	-2.12977497	19.1653689	
	0.095473366	-2.12810349	19.1656795	
	0.098020478	-2.12399482	19.1664567	
	0.101881409	-2.117767	19.1676343	
	0.107056419	-2.10941988	19.1692118	
	0.113541012	-2.09896099	19.171187	
	0.121329585	-2.08639978	19.1735573	
	0.130415416	-2.07174754	19.1763194	
	0.140788578	-2.05501586	19.1794694	
	0.152432663	-2.0362144	19.1830026	
	0.165337766	-2.0153608	19.1869138	
	0.179528346	-1.99250155	19.1911994	
	0.195007045	-1.96766817	19.1958546	
	0.211723268	-1.94085305	19.2008709	
	0.229658644	-1.91207771	19.2062411	
	0.248783678	-1.88135627	19.2119566	
	0.269115992	-1.84874011	19.2180105	
	0.290773238	-1.81436273	19.2243995	
	0.313694896	-1.77822275	19.2311124	
	0.33776567	-1.74027552	19.2381432	
	0.362970939	-1.70055783	19.2454828	
	0.389449067	-1.65922785	19.2531355	
	0.41729836	-1.61642822	19.2611029	
	0.446223909	-1.57196485	19.2693526	
	0.476200326	-1.52588521	19.2778754	
	0.507526533	-1.47848495	19.2866873	
	0.539921431	-1.42959808	19.2957418	
	0.573338015	-1.37924926	19.3050143	
	0.607964432	-1.32764669	19.3145066	
	0.643690175	-1.2747678	19.3241788	
	0.680403994	-1.22058623	19.3339904	
	0.718264835	-1.16531207	19.343939	
	0.757167272	-1.10893614	19.3539861	
	0.797010048	-1.0513982	19.3641032	
	0.83817589	-0.993111635	19.3742756	
	0.880310003	-0.933846171	19.3844332	
	0.923481447	-0.873750602	19.3946023	
	0.968013173	-0.813186073	19.4048185	
	1.01340225	-0.751795023	19.4150218	
	1.05995155	-0.689947979	19.4252622	
	1.10746138	-0.62753552	19.4355298	
	1.15580721	-0.56460385	19.4458224	
	1.20509123	-0.501290584	19.4561948	
	1.25512212	-0.43755152	19.4666237	
	1.30596604	-0.373526881	19.4771003	
	1.35754278	-0.309217561	19.4876204	
	1.41028219	-0.244815328	19.4982632	
	1.46376823	-0.18078302	19.508967	
	1.51805408	-0.116949193	19.5197951	
	1.57334979	-0.053667275	19.5314694	
	1.62919482	0.009483177	19.5434772	
	1.68641881	0.071756591	19.5551093	
	1.74419137	0.133775622	19.5663747	
	1.80289398	0.195086512	19.5772964	
	1.86213332	0.255934412	19.5878029	
	1.92201878	0.316088704	19.5979108	
	1.98239658	0.375544674	19.6075941	
	2.04335233	0.434144814	19.6168877	
	2.10494584	0.491614926	19.6258324	
	2.16684563	0.548195547	19.6343956	
	2.22966629	0.603062157	19.6427288	
	2.2925716	0.656987784	19.650707	
	2.35544178	0.709971436	19.6583436	
	2.41826098	0.761898228	19.6656646	
	2.48118002	0.812466693	19.6727199	
	2.54418665	0.861552696	19.6795187	
	2.60701433	0.909362826	19.6860224	
	2.67033002	0.954938413	19.6923507	
	2.73315493	0.999102686	19.6985473	
	2.79543681	1.04189386	19.7050241	
	2.85717737	1.08325372	19.7112124	
	2.9182196	1.12324619	19.7171376	
	2.97869047	1.16159164	19.7228296	
	3.03830793	1.19851645	19.7282576	
	3.09702012	1.23398764	19.7334325	
	3.15493207	1.26771342	19.7384004	
	3.21171737	1.30005938	19.7431121	
	3.26736185	1.33094192	19.7475854	
	3.32198665	1.36003788	19.7518734	
	3.37522092	1.38782693	19.7559213	
	3.42701387	1.41428382	19.7597458	
	3.47755595	1.43900083	19.7634178	
	3.52647337	1.46248379	19.7668813	
	3.57370854	1.48474559	19.7701496	
	3.61927981	1.50567246	19.773253	
	3.6631151	1.52530749	19.7761992	
	3.70507819	1.54381252	19.7789795	
	3.74511694	1.5612056	19.7816025	
	3.78323721	1.57741305	19.7840908	
	3.8194347	1.59237806	19.7864773	
	3.85354806	1.60633016	19.7887171	
	3.8855505	1.61926827	19.7908174	
	3.91540329	1.63121165	19.7927773	
	3.94307922	1.64216518	19.7945982	
	3.96863926	1.65197268	19.7963023	
	3.99197049	1.66080238	19.7978668	
	4.0130121	1.66873298	19.7992806	
	4.0317552	1.67574841	19.8005447	
	4.04817421	1.68186627	19.8016555	
	4.06225632	1.68708528	19.8026117	
	4.07398994	1.69140543	19.8034119	
	4.08336024	1.69483629	19.8040532	
	4.09035459	1.69738679	19.8045333	
	4.09496818	1.6990645	19.8048507	
	4.09685691	1.69970944	19.8049843	
	4.0987534	1.70027452	19.8051255	
	4.10065146	1.7007579	19.8052739	
	4.10254484	1.70115799	19.8054291	
	4.10442735	1.70147351	19.8055906	
	4.10629281	1.70170344	19.8057577	
	4.10813513	1.70184705	19.80593	
	4.10994826	1.70190389	19.8061068	
	4.11172628	1.7018738	19.8062877	
	4.11346338	1.7017569	19.806472	
	4.11515389	1.70155361	19.8066591	
	4.11679228	1.70126463	19.8068483	
	4.1183732	1.70089092	19.8070391	
	4.11989152	1.70043374	19.8072309	
	4.12134228	1.69989463	19.8074229	
	4.12272076	1.69927537	19.8076145	
	4.12402249	1.69857802	19.8078051	
	4.12524323	1.6978049	19.8079941	
	4.12637903	1.69695856	19.8081808	
	4.12742621	1.6960418	19.8083646	
	4.12838137	1.69505763	19.8085449	
	4.12924144	1.69400931	19.8087211	
	4.13000364	1.69290027	19.8088926	
	4.13066551	1.69173416	19.8090588	
	4.13122493	1.6905148	19.8092192	
	4.13168011	1.68924619	19.8093732	
	4.1320296	1.68793249	19.8095203	
	4.13227229	1.68657798	19.8096601	
	4.13240741	1.6851871	19.8097921	
	4.13243457	1.68376439	19.8099158	
	4.13235369	1.68231447	19.8100308	
	4.13216507	1.68084208	19.8101368	
	4.13186934	1.67935202	19.8102335	
	4.13146749	1.67784912	19.8103204	
	4.13096085	1.67633828	19.8103973	
	4.13035109	1.67482441	19.810464	
	4.12964019	1.67331242	19.8105203	
	4.12883049	1.67180721	19.8105659	
	4.12792464	1.67031368	19.8106008	
	4.12692558	1.66883666	19.8106248	
	4.12583656	1.66738094	19.8106379	
	4.12466113	1.66595124	19.8106401	
	4.12340312	1.6645522	19.8106313	
	4.12206661	1.66318834	19.8106115	
	4.12065594	1.66186408	19.810581	
	4.1191757	1.66058371	19.8105397	
	4.11763068	1.65935138	19.8104879	
	4.11602591	1.65817107	19.8104256	
	4.11202489	1.65534492	19.8102607	
	4.1059585	1.65105893	19.8100103	
	4.09782952	1.64531467	19.8096746	
	4.08764638	1.63811893	19.8092532	
	4.07542078	1.62947846	19.8087461	
	4.06117365	1.61938871	19.8081549	
	4.04493053	1.60784241	19.8074814	
	4.02670957	1.59485068	19.8067248	
	4.00655162	1.58038929	19.805889	
	3.98445183	1.56452677	19.8049652	
	3.96035903	1.54742001	19.8039328	
	3.93440203	1.52889965	19.802814	
	3.90662932	1.50895269	19.8016094	
	3.8770833	1.48758005	19.8003173	
	3.84582553	1.46475923	19.7989383	
	3.81278751	1.44069791	19.7974422	
	3.77806596	1.41531616	19.7958353	
	3.7417737	1.38851336	19.7941423	
	3.7039731	1.36028067	19.7923382	
	3.66464656	1.330754	19.7903973	
	3.62384654	1.29995018	19.7883083	
	3.58172166	1.26772919	19.7860787	
	3.5383499	1.23407856	19.7836997	
	3.49349614	1.19948337	19.7810982	
	3.44749469	1.16351574	19.7783178	
	3.40044101	1.12613573	19.7753522	
	3.35211543	1.08780968	19.7721321	
	3.30278932	1.04821052	19.7686882	
	3.25260453	1.00725001	19.7650232	
	3.20138754	0.965301738	19.7610807	
	3.14940266	0.922079824	19.7568925	
	3.09675162	0.8775726	19.752459	
	3.04331201	0.83202642	19.7477422	
	2.98935991	0.785199755	19.7427747	
	2.93489094	0.73720214	19.7375385	
	2.87997911	0.688048419	19.7320285	
	2.82477689	0.637809461	19.726257	
	2.76854494	0.587284179	19.7200722	
	2.71200466	0.535679788	19.713703	
	2.65496428	0.48330048	19.7075462	
	2.59761491	0.430097511	19.7010362	
	2.54023213	0.375868373	19.6942318	
	2.48292734	0.320601979	19.6871287	
	2.42570117	0.264408983	19.679725	
	2.36783068	0.208182201	19.6719003	
	2.31004634	0.151218655	19.6637598	
	2.25212734	0.093885595	19.6552514	
	2.19423213	0.036050059	19.6463779	
	2.13655382	-0.022314116	19.6371468	
	2.07902025	-0.081057418	19.6275237	
	2.02182645	-0.140261919	19.6175179	
	1.96466106	-0.199530959	19.6070581	
	1.90796497	-0.259155302	19.596199	
	1.85101717	-0.318359186	19.5848105	
	1.79453406	-0.37773228	19.5730152	
	1.73802457	-0.436699648	19.5607372	
	1.68189311	-0.495449924	19.5480416	
	1.62645919	-0.553848342	19.5350594	
	1.57133406	-0.612123941	19.5215128	
	1.51677888	-0.67029988	19.5083853	
	1.46269811	-0.728234456	19.4960069	
	1.409337	-0.785905099	19.4837807	
	1.35657259	-0.843126541	19.4716505	
	1.30456281	-0.899884588	19.4596319	
	1.25325044	-0.956092599	19.4477186	
	1.20248422	-1.01149335	19.4358888	
	1.15260716	-1.06631317	19.424215	
	1.10317015	-1.12005873	19.4126344	
	1.05455085	-1.17295696	19.4011633	
	1.00687136	-1.22502225	19.3898011	
	0.959819641	-1.27589378	19.3784989	
	0.913823226	-1.32586747	19.3672987	
	0.868811735	-1.37475047	19.3561919	
	0.824745631	-1.42243737	19.3451837	
	0.781838253	-1.46902729	19.334271	
	0.740011113	-1.51439047	19.3235132	
	0.699192985	-1.55840478	19.3129431	
	0.659614592	-1.60118141	19.3026126	
	0.621274069	-1.64265339	19.2925444	
	0.583933022	-1.6825656	19.2827398	
	0.547935276	-1.72113186	19.273266	
	0.513295766	-1.75831406	19.2641439	
	0.479765718	-1.79384111	19.2553694	
	0.447486738	-1.8277817	19.2469737	
	0.416638459	-1.86022177	19.2389844	
	0.387249914	-1.89112994	19.2314028	
	0.359249609	-1.92039696	19.224227	
	0.332618914	-1.94796214	19.2174578	
	0.307512633	-1.97390208	19.2111081	
	0.283988176	-1.99821693	19.2051797	
	0.262055641	-2.020873	19.1996651	
	0.241731357	-2.04184795	19.194569	
	0.22299762	-2.06109423	19.1898948	
	0.20588822	-2.07860675	19.1856452	
	0.190456559	-2.0943989	19.1818228	
	0.17671961	-2.10845904	19.1784284	
	0.164685018	-2.12077086	19.1754618	
	0.154363435	-2.13132277	19.1729234	
	0.145765824	-2.14010619	19.1708131	
	0.138901676	-2.14711433	19.1691311	
	0.133778825	-2.152342	19.1678775	
	0.130398432	-2.15579033	19.1670511	
	0.12901237	-2.15714818	19.1667187	
	0.127582446	-2.158439	19.1663883	
	0.126113581	-2.15965833	19.166061	
	0.124610832	-2.16080198	19.165738	
	0.123079373	-2.16186602	19.1654204	
	0.121524476	-2.16284679	19.1651094	
	0.119951494	-2.16374092	19.1648061	
	0.118365841	-2.16454533	19.1645115	
	0.116772978	-2.16525726	19.1642266	
	0.115178388	-2.16587427	19.1639524	
	0.113587561	-2.16639424	19.16369	
	0.112005974	-2.16681537	19.1634401	
	0.110439073	-2.16713624	19.1632037	
	0.108892252	-2.16735573	19.1629816	
	0.107370836	-2.16747311	19.1627745	
	0.105880063	-2.16748797	19.1625832	
	0.104425067	-2.16740027	19.1624082	
	0.103010855	-2.16721031	19.1622501	
	0.101642298	-2.16691876	19.1621096	
	0.100324106	-2.16652662	19.1619869	
	0.099060818	-2.16603524	19.1618826	
	0.097856782	-2.16544633	19.161797	
	0.096716144	-2.16476192	19.1617303	
	0.095642829	-2.16398435	19.1616827	
#	Profile	3	at	40%
	0.18306857	-2.24513629	20.6533052	
	0.182175269	-2.2444024	20.6533408	
	0.181347018	-2.24358911	20.6533882	
	0.180586763	-2.24269933	20.6534473	
	0.179897209	-2.24173622	20.6535178	
	0.17928081	-2.24070323	20.6535995	
	0.178739756	-2.23960402	20.653692	
	0.178275973	-2.23844253	20.653795	
	0.177891108	-2.23722288	20.6539081	
	0.177586532	-2.23594941	20.654031	
	0.177363325	-2.23462666	20.6541631	
	0.177222283	-2.23325933	20.654304	
	0.177163905	-2.2318523	20.6544532	
	0.177188399	-2.23041055	20.6546102	
	0.177295678	-2.22893922	20.6547743	
	0.177485359	-2.22744354	20.654945	
	0.177756768	-2.22592883	20.6551217	
	0.178108938	-2.22440047	20.6553038	
	0.178540617	-2.2228639	20.6554905	
	0.179050269	-2.22132458	20.6556813	
	0.179636082	-2.21978797	20.6558754	
	0.18029597	-2.21825955	20.6560722	
	0.181027586	-2.21674475	20.6562709	
	0.181828328	-2.21524896	20.656471	
	0.182695346	-2.21377749	20.6566715	
	0.185227248	-2.2096724	20.6572363	
	0.189074948	-2.20343526	20.6580939	
	0.194233025	-2.19507654	20.6592423	
	0.200697122	-2.18460416	20.6606797	
	0.208460352	-2.17202688	20.6624036	
	0.217512673	-2.15735383	20.6644113	
	0.227840692	-2.1405944	20.6666995	
	0.239427732	-2.12175859	20.6692644	
	0.252267603	-2.10086699	20.6721013	
	0.266384882	-2.07796521	20.6752044	
	0.281780715	-2.05308394	20.6785683	
	0.298419816	-2.02622926	20.6821873	
	0.316262166	-1.99740613	20.6860551	
	0.335277602	-1.96663053	20.6901648	
	0.355476614	-1.93394684	20.6945075	
	0.376979165	-1.8994868	20.6990725	
	0.399767225	-1.86328675	20.7038532	
	0.423656695	-1.8252484	20.7088438	
	0.448616471	-1.7853951	20.7140337	
	0.474924176	-1.74398982	20.7194146	
	0.502493088	-1.70102162	20.7249765	
	0.531103832	-1.65637165	20.7307117	
	0.560757487	-1.61011259	20.7366182	
	0.591505428	-1.56233181	20.7426744	
	0.623271786	-1.51303408	20.7488614	
	0.656005948	-1.46224122	20.7551604	
	0.689691003	-1.41000917	20.7615511	
	0.724318716	-1.3563934	20.7680126	
	0.759864125	-1.30143918	20.7745218	
	0.796552066	-1.24540316	20.7810634	
	0.834192415	-1.188187	20.7876094	
	0.872701007	-1.12979038	20.794115	
	0.91243324	-1.07057935	20.8005207	
	0.952985317	-1.01030055	20.8068538	
	0.994432646	-0.949119324	20.8131253	
	1.03684285	-0.887159272	20.8193317	
	1.07999308	-0.824325559	20.8254631	
	1.12410761	-0.760891445	20.8315322	
	1.16896052	-0.696742325	20.8375325	
	1.21456991	-0.632018727	20.8434732	
	1.26099307	-0.566808033	20.8493724	
	1.30804396	-0.501091374	20.8552052	
	1.35578915	-0.43500094	20.8609737	
	1.40412393	-0.36853053	20.8666717	
	1.45343146	-0.301719061	20.8723534	
	1.50318175	-0.235022233	20.877921	
	1.55371796	-0.168437407	20.8836948	
	1.60495532	-0.102000135	20.8900827	
	1.65681863	-0.035699495	20.8964157	
	1.7096927	0.030080364	20.9023286	
	1.76301865	0.095688296	20.9078701	
	1.81725369	0.160640416	20.9130551	
	1.87184909	0.225268716	20.9178236	
	1.92705043	0.289259395	20.9222018	
	1.98256382	0.35274179	20.9261673	
	2.03855981	0.41547903	20.9297558	
	2.09486022	0.477472652	20.9329718	
	2.15145969	0.538638999	20.9358391	
	2.20853466	0.598690564	20.9384017	
	2.26565668	0.657912611	20.9406445	
	2.32329549	0.715751876	20.9426435	
	2.38087162	0.772612437	20.9443629	
	2.43855127	0.828245283	20.9458351	
	2.4961675	0.882671924	20.9470537	
	2.55356449	0.935925648	20.9480165	
	2.61093901	0.987707126	20.9487664	
	2.66787666	1.0383216	20.9494106	
	2.7246222	1.08740073	20.9503009	
	2.78093597	1.13506934	20.9509822	
	2.83662426	1.18143368	20.9514908	
	2.89181226	1.22624446	20.9518465	
	2.94621247	1.26971789	20.9520379	
	2.99984559	1.31172526	20.9520869	
	3.05275647	1.3521116	20.95202	
	3.10464533	1.39111258	20.9518214	
	3.15563561	1.42852439	20.9515244	
	3.20573385	1.46418641	20.9511561	
	3.25460295	1.49844133	20.950697	
	3.30222352	1.53123988	20.9501676	
	3.34874984	1.56227044	20.9496149	
	3.393831	1.59191743	20.949015	
	3.43739723	1.62018071	20.9483819	
	3.47948577	1.64695051	20.9477416	
	3.51998919	1.67229165	20.9471003	
	3.55880474	1.69628013	20.9464623	
	3.59587506	1.71892555	20.9458377	
	3.63122949	1.74013866	20.9452454	
	3.6648466	1.75988779	20.9447102	
	3.69655449	1.77835454	20.9442055	
	3.72632514	1.79553178	20.9437369	
	3.75411813	1.81143197	20.943306	
	3.7799053	1.8260551	20.9429149	
	3.80377709	1.83923741	20.9425833	
	3.82557546	1.85116328	20.9422914	
	3.84524565	1.86188018	20.9420335	
	3.86277681	1.87137539	20.9418108	
	3.87814017	1.87966377	20.9416204	
	3.89132412	1.88674051	20.9414621	
	3.90231559	1.89260584	20.9413346	
	3.91109692	1.89726945	20.9412358	
	3.91765357	1.90073949	20.9411637	
	3.92197908	1.90302335	20.941117	
	3.92363525	1.90385596	20.941103	
	3.92531031	1.90461607	20.9410963	
	3.9269986	1.90530112	20.941097	
	3.92869441	1.90590881	20.9411051	
	3.930392	1.90643711	20.9411205	
	3.93208563	1.90688424	20.9411433	
	3.9337696	1.90724873	20.9411733	
	3.93543821	1.90752936	20.9412104	
	3.93708584	1.90772522	20.9412545	
	3.93870694	1.90783567	20.9413055	
	3.94029603	1.90786038	20.9413632	
	3.94184778	1.90779929	20.9414273	
	3.94335696	1.90765266	20.9414977	
	3.9448185	1.90742101	20.9415741	
	3.94622749	1.90710515	20.9416563	
	3.94757921	1.9067062	20.9417438	
	3.94886911	1.90622554	20.9418366	
	3.95009289	1.90566483	20.9419341	
	3.95124644	1.90502598	20.9420361	
	3.9523259	1.9043112	20.9421421	
	3.95332768	1.90352292	20.942252	
	3.95424843	1.90266382	20.9423651	
	3.95508508	1.90173683	20.9424812	
	3.95583485	1.9007451	20.9425999	
	3.95649525	1.89969199	20.9427206	
	3.95706408	1.89858105	20.9428431	
	3.95753947	1.89741605	20.9429668	
	3.95791985	1.89620092	20.9430914	
	3.95820396	1.89493975	20.9432164	
	3.95839088	1.89363679	20.9433414	
	3.95848001	1.89229642	20.9434659	
	3.95847106	1.89092314	20.9435896	
	3.95836409	1.88952157	20.943712	
	3.95815948	1.8880964	20.9438327	
	3.95785793	1.88665241	20.9439514	
	3.95746047	1.88519444	20.9440675	
	3.95696843	1.88372735	20.9441807	
	3.95638348	1.88225607	20.9442906	
	3.9557076	1.88078549	20.944397	
	3.95494304	1.87932054	20.9444993	
	3.95409237	1.87786612	20.9445973	
	3.95315845	1.87642707	20.9446907	
	3.9521444	1.87500819	20.9447792	
	3.95105363	1.87361423	20.9448624	
	3.94988976	1.87224984	20.9449402	
	3.94865672	1.87091956	20.9450122	
	3.9473586	1.86962785	20.9450783	
	3.94599977	1.868379	20.9451382	
	3.94235084	1.86515389	20.9452876	
	3.93681844	1.86026219	20.9455141	
	3.92940566	1.85370545	20.9458173	
	3.9201202	1.8454909	20.9461965	
	3.90897214	1.83562724	20.9466507	
	3.89598249	1.8241125	20.9471801	
	3.88117984	1.81093876	20.9477852	
	3.86458052	1.79611855	20.948464	
	3.84622474	1.77963623	20.9492175	
	3.82611507	1.7615352	20.9500396	
	3.80415631	1.74199572	20.9509091	
	3.78050753	1.72084949	20.9518424	
	3.75521576	1.69809047	20.9528375	
	3.7283217	1.67372459	20.95389	
	3.69988383	1.64773828	20.954997	
	3.66982305	1.62030636	20.9561358	
	3.63821383	1.59139248	20.9573022	
	3.60518805	1.56090235	20.9585112	
	3.57079489	1.52884185	20.9597445	
	3.53504215	1.4952856	20.9609814	
	3.49793758	1.46029853	20.9622053	
	3.45963698	1.42377367	20.9634148	
	3.42019129	1.38571825	20.9645962	
	3.37938124	1.34651766	20.9657011	
	3.33748174	1.3058814	20.9667429	
	3.29460628	1.26377319	20.9677118	
	3.25054818	1.22055848	20.9685613	
	3.20544766	1.17610162	20.9692889	
	3.15956048	1.13023149	20.9698983	
	3.11272061	1.08322087	20.9703515	
	3.0651056	1.03495838	20.9706474	
	3.01686774	0.985365367	20.9707843	
	2.96785466	0.934709447	20.9707296	
	2.91831693	0.882807461	20.970492	
	2.86819331	0.82982925	20.9700488	
	2.81734275	0.775994482	20.9693717	
	2.76614825	0.721001423	20.9684848	
	2.71431467	0.665245931	20.9673443	
	2.66216524	0.608513038	20.9659688	
	2.60963377	0.550949159	20.9647309	
	2.55667811	0.492670606	20.9632992	
	2.50357636	0.43353493	20.9615902	
	2.44985913	0.374054968	20.9595537	
	2.39608825	0.313805292	20.9572221	
	2.34194331	0.253184947	20.9545684	
	2.2876872	0.19204162	20.9516035	
	2.23341568	0.130414412	20.948324	
	2.17904071	0.068438493	20.9447043	
	2.12482208	0.006012246	20.9407438	
	2.07055439	-0.056599871	20.9364081	
	2.01656013	-0.119566514	20.9317037	
	1.96237058	-0.182414851	20.9265773	
	1.90849786	-0.245469253	20.9210542	
	1.85446731	-0.308233848	20.9150853	
	1.80067736	-0.37094215	20.9087023	
	1.74703548	-0.433439631	20.9019017	
	1.69355162	-0.495600325	20.8946905	
	1.640844	-0.557422233	20.8871753	
	1.58841201	-0.619174473	20.8791567	
	1.53651248	-0.680690661	20.8714586	
	1.48506785	-0.741827445	20.8643348	
	1.43425633	-0.802564747	20.8572951	
	1.38396382	-0.862747159	20.8502313	
	1.33429172	-0.922316259	20.8431732	
	1.28532982	-0.981287618	20.836119	
	1.23689885	-1.03940558	20.8290597	
	1.18927861	-1.09681439	20.822028	
	1.14229376	-1.15328455	20.815015	
	1.09607937	-1.2088226	20.8080161	
	1.05075832	-1.26346327	20.8010302	
	1.0059886	-1.3168326	20.7940454	
	0.962168031	-1.36917848	20.7870755	
	0.919252227	-1.42038108	20.7801228	
	0.877108521	-1.47023705	20.7731879	
	0.83602769	-1.51889922	20.7662205	
	0.796019588	-1.56630701	20.7592974	
	0.757133911	-1.61242785	20.7524696	
	0.719396819	-1.65721921	20.7457619	
	0.6828066	-1.70061253	20.7391985	
	0.647335977	-1.74252587	20.7328011	
	0.613084212	-1.7829642	20.7265924	
	0.580104134	-1.82192152	20.7205895	
	0.548218265	-1.85919768	20.7148063	
	0.517393568	-1.89471512	20.7092637	
	0.487953624	-1.92866796	20.703976	
	0.459908409	-1.96100924	20.6989374	
	0.43312325	-1.99158263	20.6941561	
	0.407627878	-2.02036995	20.6896383	
	0.383583021	-2.04744872	20.6853893	
	0.361041889	-2.07281505	20.6814125	
	0.340014848	-2.09643956	20.6777088	
	0.320500581	-2.11828617	20.6742831	
	0.302499912	-2.13832317	20.67114	
	0.286048118	-2.15654687	20.6682813	
	0.271201637	-2.17297219	20.665708	
	0.257983183	-2.18759205	20.6634211	
	0.246402	-2.20039199	20.6614215	
	0.236467508	-2.21135999	20.65971	
	0.228189426	-2.22048695	20.6582869	
	0.221577588	-2.2277667	20.6571526	
	0.216641187	-2.23319535	20.6563071	
	0.213390924	-2.23676676	20.6557511	
	0.212214359	-2.23800789	20.6555555	
	0.210995801	-2.23919222	20.6553639	
	0.209739596	-2.24031551	20.6551771	
	0.208450225	-2.24137377	20.6549956	
	0.207132287	-2.24236324	20.6548203	
	0.205790483	-2.24328038	20.6546517	
	0.204429598	-2.24412194	20.6544904	
	0.203054483	-2.24488493	20.6543371	
	0.201670041	-2.24556662	20.6541923	
	0.200281209	-2.24616462	20.6540565	
	0.198892938	-2.24667678	20.6539302	
	0.197510174	-2.24710131	20.6538139	
	0.196137846	-2.2474367	20.653708	
	0.194780844	-2.24768176	20.6536128	
	0.193444003	-2.24783563	20.6535287	
	0.192132086	-2.24789778	20.6534561	
	0.190849767	-2.247868	20.653395	
	0.189601612	-2.24774641	20.6533458	
	0.188392067	-2.24753346	20.6533086	
	0.187225439	-2.2472299	20.6532835	
	0.186105881	-2.24683684	20.6532707	
	0.185037381	-2.24635568	20.65327	
	0.184023741	-2.24578816	20.6532815	
	0.18306857	-2.24513629	20.6533052	
#	Profile	4	at	60%
	0.294185718	-2.33747826	22.1418427	
	0.29334966	-2.33683386	22.1419394	
	0.292572774	-2.33611281	22.1420421	
	0.29185796	-2.33531782	22.1421505	
	0.291207892	-2.33445187	22.1422642	
	0.290624998	-2.3335182	22.1423826	
	0.290111455	-2.33252031	22.1425053	
	0.289669181	-2.33146193	22.142632	
	0.289299829	-2.33034703	22.142762	
	0.289004777	-2.32917978	22.142895	
	0.288785127	-2.32796453	22.1430303	
	0.2886417	-2.32670583	22.1431675	
	0.28857503	-2.32540838	22.1433061	
	0.288585366	-2.32407702	22.1434455	
	0.288672668	-2.32271674	22.1435853	
	0.288836611	-2.3213326	22.1437248	
	0.289076582	-2.31992977	22.1438635	
	0.289391683	-2.3185135	22.1440011	
	0.289780737	-2.31708906	22.1441368	
	0.29024229	-2.31566178	22.1442703	
	0.290774619	-2.31423698	22.1444009	
	0.291375733	-2.31281998	22.1445284	
	0.292043387	-2.31141608	22.144652	
	0.292775086	-2.31003051	22.1447715	
	0.293568095	-2.30866846	22.1448863	
	0.296089285	-2.30453459	22.1452305	
	0.299914235	-2.29826305	22.1457518	
	0.305040689	-2.28985759	22.1464491	
	0.311463259	-2.27932559	22.1473205	
	0.319173629	-2.26667508	22.1483639	
	0.328159922	-2.25191417	22.149577	
	0.338407539	-2.23505179	22.150957	
	0.349900246	-2.21609862	22.1525007	
	0.362632351	-2.19507499	22.1542031	
	0.376616225	-2.17201584	22.1560571	
	0.391841469	-2.14694536	22.158057	
	0.408272899	-2.11987314	22.1601986	
	0.425870456	-2.09080318	22.1624783	
	0.444625608	-2.05976361	22.1648885	
	0.464496173	-2.02676973	22.1674221	
	0.485574183	-1.99192541	22.1700613	
	0.507781056	-1.95521998	22.1728051	
	0.531045575	-1.91664967	22.1756489	
	0.555360401	-1.87625852	22.1785819	
	0.580692286	-1.83407348	22.181595	
	0.607120192	-1.79020062	22.1846704	
	0.634518857	-1.74460926	22.1878101	
	0.662878654	-1.69735047	22.191002	
	0.692308455	-1.64855028	22.1942185	
	0.722662846	-1.59818197	22.1974546	
	0.753923489	-1.54627616	22.2006952	
	0.786223686	-1.49300518	22.2039132	
	0.819409382	-1.43831627	22.2071006	
	0.853402627	-1.38223157	22.2102412	
	0.888345477	-1.32491246	22.2133084	
	0.924102225	-1.26633564	22.2162869	
	0.960625918	-1.20654106	22.2191395	
	0.998046794	-1.14569275	22.221848	
	1.03620374	-1.08375633	22.224421	
	1.07515849	-1.02085003	22.2268416	
	1.11491153	-0.957054279	22.2290999	
	1.15530849	-0.892341387	22.2311951	
	1.19648566	-0.826881025	22.2331172	
	1.23827761	-0.76065671	22.2348671	
	1.28077246	-0.693794708	22.2365068	
	1.32392292	-0.626369405	22.2380179	
	1.367616	-0.558378332	22.2393775	
	1.41205557	-0.490036107	22.2405815	
	1.45697072	-0.421272145	22.2416349	
	1.50268421	-0.352005382	22.2425549	
	1.54877465	-0.282817201	22.2432749	
	1.59531652	-0.213423591	22.2442749	
	1.64226106	-0.143883043	22.245238	
	1.68961791	-0.074311577	22.2458458	
	1.73744173	-0.004824982	22.2460753	
	1.7856429	0.064522604	22.2459314	
	1.8345194	0.133431541	22.245405	
	1.88367088	0.202086009	22.2444953	
	1.93351518	0.270070448	22.243203	
	1.98354479	0.337660261	22.2415392	
	2.03404711	0.40455007	22.239517	
	2.08485279	0.470755438	22.2371541	
	2.13592889	0.536210896	22.2344691	
	2.18736003	0.600738135	22.231482	
	2.23884915	0.664473062	22.2282152	
	2.29074805	0.72703617	22.2246897	
	2.34245666	0.788786087	22.2209238	
	2.39443821	0.849250374	22.2169301	
	2.44621024	0.908727688	22.2127165	
	2.49773898	0.967000484	22.2083053	
	2.5492766	1.02401737	22.2037056	
	2.60046871	1.07986937	22.1990861	
	2.65157267	1.13427138	22.1946346	
	2.70227512	1.18731721	22.1900381	
	2.75251332	1.23899469	22.1853419	
	2.80254941	1.28896046	22.1805644	
	2.85190266	1.33756417	22.1757235	
	2.90068652	1.3846214	22.1708479	
	2.9489199	1.42999503	22.1659642	
	2.99627584	1.47392326	22.1610719	
	3.04284331	1.516228	22.1561956	
	3.0885647	1.55687642	22.151355	
	3.13322217	1.59600388	22.1465657	
	3.17679218	1.63356209	22.1418472	
	3.21932138	1.66941896	22.1372219	
	3.26058856	1.70373942	22.1327018	
	3.30052817	1.73651115	22.1283044	
	3.33927295	1.76755216	22.1240502	
	3.37663592	1.79696437	22.119952	
	3.41250086	1.82483828	22.1160181	
	3.44680106	1.85117257	22.1122614	
	3.47964081	1.87581931	22.1086974	
	3.5109717	1.8987599	22.1053477	
	3.5405584	1.9202176	22.1021989	
	3.56837606	1.94017826	22.0992562	
	3.59437542	1.95865294	22.0965232	
	3.61854178	1.97563384	22.0940027	
	3.64093973	1.99100417	22.0917036	
	3.66139959	2.00492619	22.0896186	
	3.67988179	2.01742502	22.0877466	
	3.69637011	2.02849473	22.0860881	
	3.71083306	2.03814858	22.084642	
	3.72324475	2.04639948	22.0834071	
	3.73358893	2.05325086	22.0823824	
	3.7418552	2.05870138	22.0815673	
	3.74803103	2.06275518	22.080961	
	3.75210615	2.06542069	22.0805623	
	3.75337393	2.06621351	22.0804417	
	3.75466347	2.06694918	22.0803258	
	3.75597031	2.06762516	22.0802148	
	3.7572899	2.06823912	22.0801092	
	3.75861769	2.06878894	22.0800094	
	3.75994906	2.06927274	22.0799157	
	3.76127942	2.06968888	22.0798285	
	3.76260415	2.07003593	22.079748	
	3.76391869	2.07031272	22.0796745	
	3.76521848	2.07051832	22.0796083	
	3.76649905	2.07065206	22.0795496	
	3.76775596	2.07071351	22.0794987	
	3.7689849	2.07070249	22.0794555	
	3.77018162	2.07061907	22.0794204	
	3.77134201	2.0704636	22.0793934	
	3.77246207	2.07023663	22.0793746	
	3.77353796	2.069939	22.0793641	
	3.77456598	2.06957177	22.0793618	
	3.7755426	2.06913624	22.0793678	
	3.77646448	2.06863397	22.0793821	
	3.77732845	2.0680667	22.0794045	
	3.77813157	2.06743644	22.0794349	
	3.77887109	2.06674539	22.0794734	
	3.77954448	2.06599596	22.0795196	
	3.78014945	2.06519076	22.0795735	
	3.78068394	2.06433258	22.0796348	
	3.78114612	2.0634244	22.0797033	
	3.78153444	2.06246937	22.0797788	
	3.78184758	2.06147078	22.0798609	
	3.78208447	2.06043207	22.0799495	
	3.78224433	2.05935684	22.0800441	
	3.78232662	2.05824879	22.0801445	
	3.78233108	2.05711171	22.0802503	
	3.7822577	2.05594952	22.0803612	
	3.78210675	2.05476621	22.0804767	
	3.78187876	2.05356583	22.0805964	
	3.78157453	2.0523525	22.08072	
	3.7811951	2.05113036	22.0808471	
	3.78074178	2.0499036	22.080977	
	3.78021614	2.04867642	22.0811096	
	3.77961997	2.04745301	22.0812442	
	3.77895533	2.04623756	22.0813804	
	3.7782245	2.0450342	22.0815178	
	3.77742999	2.04384707	22.081656	
	3.77657451	2.04268021	22.0817944	
	3.775661	2.0415376	22.0819326	
	3.77469259	2.04042317	22.0820701	
	3.77367259	2.0393407	22.0822065	
	3.77028202	2.03588139	22.082647	
	3.76513902	2.03063408	22.083315	
	3.75824879	2.02360108	22.0842101	
	3.74962491	2.01478285	22.0853314	
	3.73928961	2.0041736	22.0866783	
	3.72726554	1.99177189	22.0882496	
	3.71357183	1.97758543	22.0900429	
	3.69822954	1.96162039	22.092056	
	3.68127925	1.94386569	22.0942868	
	3.66274327	1.92434233	22.0967308	
	3.64252836	1.90319841	22.0993766	
	3.62076713	1.88031965	22.1022265	
	3.59752829	1.85568982	22.1052758	
	3.57284927	1.82931472	22.1085183	
	3.54679488	1.80117828	22.1119476	
	3.51922975	1.77149848	22.1155472	
	3.49020062	1.74026025	22.1193088	
	3.45991528	1.70731939	22.1232376	
	3.42841295	1.67268011	22.1273178	
	3.39568388	1.6364444	22.1315283	
	3.36165535	1.59872422	22.1358548	
	3.32656864	1.55935967	22.1402866	
	3.29047273	1.51836026	22.1448084	
	3.25326319	1.4759165	22.1493992	
	3.21510224	1.43192875	22.1540454	
	3.17608356	1.38638514	22.1587295	
	3.136107	1.33946255	22.1634308	
	3.09523122	1.29117634	22.168132	
	3.05365876	1.24140384	22.172817	
	3.01118253	1.19043935	22.1774641	
	2.96792664	1.13821809	22.1820582	
	2.92411558	1.08462635	22.1865812	
	2.87938083	1.03008865	22.1910175	
	2.8340958	0.974342177	22.1953633	
	2.78830342	0.917459543	22.1995898	
	2.7418143	0.859634464	22.2036812	
	2.6949763	0.800674606	22.2076179	
	2.64745325	0.74083091	22.2113901	
	2.59963706	0.680122362	22.2149564	
	2.55162153	0.618434077	22.2186075	
	2.50300934	0.556175411	22.2221838	
	2.45434725	0.492988902	22.2255289	
	2.40512498	0.429353939	22.2286341	
	2.35576589	0.365027209	22.2314805	
	2.30605048	0.300277979	22.2340699	
	2.25613746	0.235064465	22.2363914	
	2.20606708	0.169459263	22.2384363	
	2.1557441	0.103615825	22.2401917	
	2.10552921	0.037367768	22.241634	
	2.05498594	-0.028868092	22.242758	
	2.00460272	-0.095365537	22.2435387	
	1.95404706	-0.1617965	22.2439699	
	1.90367665	-0.228311206	22.2440333	
	1.85346059	-0.294813984	22.2437206	
	1.80351021	-0.361270655	22.2430309	
	1.7538955	-0.427656899	22.2419654	
	1.70462589	-0.493892949	22.2405367	
	1.65591661	-0.55960003	22.2387584	
	1.60752577	-0.625301096	22.2366211	
	1.55961529	-0.690624016	22.2343476	
	1.51197186	-0.755375079	22.2324498	
	1.46485544	-0.819618796	22.2304668	
	1.41820807	-0.883215694	22.2283872	
	1.3720377	-0.946105905	22.2262159	
	1.32648484	-1.00827874	22.2239492	
	1.28143407	-1.06958296	22.2215937	
	1.237075	-1.13005929	22.2191726	
	1.19330386	-1.18955192	22.2167123	
	1.15017519	-1.24801436	22.2141428	
	1.10780506	-1.3054439	22.2114676	
	1.06608209	-1.36168414	22.208698	
	1.02519428	-1.41678609	22.2058333	
	0.985145745	-1.47067717	22.2028866	
	0.945853426	-1.5232251	22.1998737	
	0.907514547	-1.57448633	22.1967819	
	0.870105261	-1.62438269	22.1936405	
	0.833525991	-1.67276583	22.1904962	
	0.797964962	-1.71971526	22.1873544	
	0.763454943	-1.7651704	22.1842356	
	0.729907549	-1.80902094	22.1811641	
	0.697484174	-1.85131079	22.1781475	
	0.666228395	-1.892013	22.1751991	
	0.636067999	-1.9310224	22.1723375	
	0.607133845	-1.96837497	22.1695717	
	0.57944444	-2.00403137	22.1669109	
	0.553042702	-2.03797241	22.1643556	
	0.527906932	-2.0701356	22.1619168	
	0.504008534	-2.10045643	22.1596057	
	0.48148777	-2.12898868	22.1574182	
	0.460350489	-2.15570237	22.1553601	
	0.440622854	-2.18057582	22.1534337	
	0.422313539	-2.20357818	22.1516456	
	0.405428151	-2.22468375	22.1500016	
	0.38999127	-2.2438825	22.1485037	
	0.37605065	-2.26118057	22.1471516	
	0.363631841	-2.27657192	22.1459466	
	0.352746256	-2.29004359	22.1448905	
	0.343404953	-2.30158485	22.143985	
	0.335618817	-2.31118746	22.1432313	
	0.32939844	-2.31884582	22.14263	
	0.324753471	-2.32455642	22.1421816	
	0.321690014	-2.32831891	22.1418861	
	0.320667593	-2.32952304	22.1417929	
	0.319602033	-2.33067762	22.1417064	
	0.318497332	-2.33177832	22.1416268	
	0.317357636	-2.33282101	22.1415544	
	0.316187219	-2.3338018	22.1414897	
	0.314990472	-2.33471702	22.1414328	
	0.313771883	-2.33556324	22.1413839	
	0.312536021	-2.3363373	22.1413432	
	0.311287519	-2.33703633	22.141311	
	0.310031056	-2.3376577	22.1412873	
	0.30877134	-2.3381991	22.1412722	
	0.307513092	-2.33865854	22.1412659	
	0.306261024	-2.33903429	22.1412682	
	0.305019827	-2.33932498	22.1412792	
	0.303794147	-2.33952953	22.141299	
	0.302588572	-2.33964719	22.1413273	
	0.301407617	-2.33967754	22.141364	
	0.300255699	-2.33962048	22.1414092	
	0.29913713	-2.33947626	22.1414624	
	0.298056094	-2.33924541	22.1415236	
	0.297016634	-2.33892884	22.1415925	
	0.296022638	-2.33852772	22.1416689	
	0.295077822	-2.33804359	22.1417524	
	0.294185718	-2.33747826	22.1418427	
#	Profile	5	at	80%
	0.436355614	-2.42928857	23.6275679	
	0.435600588	-2.42875317	23.6277236	
	0.434895683	-2.42814651	23.6278798	
	0.434243609	-2.42747094	23.6280361	
	0.433646873	-2.42672905	23.6281918	
	0.433107771	-2.42592371	23.6283463	
	0.432628374	-2.42505802	23.628499	
	0.432210525	-2.42413531	23.6286494	
	0.431855832	-2.42315913	23.6287968	
	0.431565656	-2.42213324	23.6289406	
	0.431341113	-2.42106158	23.6290803	
	0.431183067	-2.41994827	23.6292154	
	0.431092124	-2.41879759	23.6293454	
	0.431068635	-2.41761396	23.6294696	
	0.431112689	-2.41640192	23.6295877	
	0.431224117	-2.41516613	23.6296992	
	0.43140249	-2.41391134	23.6298037	
	0.431647124	-2.41264237	23.6299007	
	0.431957078	-2.41136408	23.6299899	
	0.432331161	-2.4100814	23.6300709	
	0.432767935	-2.40879924	23.6301435	
	0.43326572	-2.40752253	23.6302073	
	0.433822605	-2.40625619	23.6302621	
	0.434436446	-2.40500506	23.6303077	
	0.435104886	-2.40377397	23.6303439	
	0.437506936	-2.39955769	23.6304525	
	0.441154918	-2.39314964	23.6306168	
	0.446040318	-2.38455877	23.6308356	
	0.452155398	-2.37379107	23.6311076	
	0.459491019	-2.36085425	23.6314308	
	0.46803693	-2.34575778	23.6318031	
	0.477782263	-2.32851332	23.6322213	
	0.488715811	-2.30913509	23.6326818	
	0.500820261	-2.28763603	23.6331814	
	0.514072651	-2.2640283	23.6337173	
	0.528470265	-2.23834057	23.6342817	
	0.543998351	-2.21059587	23.6348689	
	0.560624374	-2.18080589	23.6354757	
	0.578334192	-2.14899613	23.636095	
	0.59710046	-2.11519336	23.6367206	
	0.616995832	-2.079481	23.6373282	
	0.637994761	-2.04188715	23.6379109	
	0.659995129	-2.00239356	23.638475	
	0.682974254	-1.96103379	23.6390117	
	0.70704319	-1.91792595	23.6394868	
	0.732177986	-1.87310644	23.6398995	
	0.758215191	-1.82652814	23.6402684	
	0.785143593	-1.77824044	23.6405691	
	0.812837784	-1.72822445	23.6408025	
	0.84132825	-1.67655889	23.6409481	
	0.870603777	-1.62329865	23.6409901	
	0.900708646	-1.56853387	23.6409045	
	0.931630955	-1.51232174	23.6406766	
	0.963289032	-1.45467748	23.6403037	
	0.995882425	-1.39579628	23.6397369	
	1.02933281	-1.33569112	23.638975	
	1.06345187	-1.27432664	23.6380332	
	1.0982518	-1.21178066	23.6368961	
	1.13364684	-1.1480762	23.6355645	
	1.16968671	-1.08331623	23.6340192	
	1.20641094	-1.01760461	23.6322439	
	1.24365754	-0.950922777	23.6302554	
	1.28158358	-0.883441022	23.6280236	
	1.32016493	-0.815226085	23.6255591	
	1.35922863	-0.746254668	23.6228981	
	1.39883491	-0.676650727	23.6200035	
	1.43890001	-0.606445679	23.616886	
	1.47955497	-0.535787877	23.6135245	
	1.52048882	-0.464841565	23.6099551	
	1.56199929	-0.393399417	23.6061462	
	1.60398553	-0.321685009	23.602131	
	1.64625824	-0.249679458	23.5978859	
	1.68878789	-0.177485549	23.5932988	
	1.73156241	-0.105165104	23.5883683	
	1.77451514	-0.032768645	23.5831055	
	1.81761674	0.039626594	23.5775088	
	1.86111017	0.111786076	23.571545	
	1.90474057	0.183770265	23.5652487	
	1.94888035	0.255250129	23.5585752	
	1.99345966	0.326177902	23.5515428	
	2.03825897	0.396603899	23.5441905	
	2.0828979	0.466688006	23.5365822	
	2.12775439	0.536097753	23.5286797	
	2.17252734	0.604932098	23.5205336	
	2.21725844	0.673076793	23.5121508	
	2.26252558	0.74004811	23.5034703	
	2.30783483	0.806076412	23.494572	
	2.3533524	0.870953015	23.4854518	
	2.39921424	0.934492551	23.4761102	
	2.44493996	0.996954782	23.4666244	
	2.49026632	1.05840574	23.4570456	
	2.53527923	1.11873036	23.4475245	
	2.58029518	1.1776196	23.4380305	
	2.62495222	1.23520607	23.4284767	
	2.66924388	1.29141861	23.4188931	
	2.71366579	1.34578859	23.409246	
	2.75757658	1.39872662	23.399625	
	2.8008998	1.45020636	23.3900623	
	2.84363098	1.50015063	23.3805801	
	2.88566475	1.54856424	23.3711972	
	2.92705247	1.59532467	23.3619292	
	2.96784047	1.64031552	23.3527909	
	3.0077744	1.68367134	23.3438241	
	3.04681358	1.72535312	23.3350502	
	3.08526461	1.76501755	23.3264559	
	3.12266188	1.80300433	23.3181018	
	3.15895589	1.83928355	23.3100142	
	3.19418605	1.87377631	23.302203	
	3.22828568	1.90645601	23.2946897	
	3.26110772	1.93741848	23.2874947	
	3.29259299	1.9666502	23.2806334	
	3.32271971	1.99413577	23.2741135	
	3.3514735	2.01982603	23.2679473	
	3.37871041	2.04381477	23.2621446	
	3.4043901	2.06610469	23.2567109	
	3.42845725	2.08670504	23.2516526	
	3.4508726	2.10562796	23.2469734	
	3.47166949	2.12280185	23.2426735	
	3.49072179	2.13832026	23.2387598	
	3.50796611	2.1522274	23.2352363	
	3.52337758	2.16452752	23.2321046	
	3.53691862	2.17523818	23.2293662	
	3.54855843	2.18437562	23.2270222	
	3.55827334	2.19195089	23.225073	
	3.56604508	2.19797134	23.2235192	
	3.57185588	2.20244658	23.2223609	
	3.57568698	2.20538444	23.2215989	
	3.57680766	2.20620669	23.2213796	
	3.57795376	2.20697655	23.2211621	
	3.57912113	2.20769124	23.2209472	
	3.58030556	2.2083482	23.2207357	
	3.58150276	2.20894509	23.2205283	
	3.58270842	2.20947978	23.2203259	
	3.5839182	2.20995037	23.2201291	
	3.58512773	2.2103552	23.2199387	
	3.58633267	2.21069287	23.2197553	
	3.58752869	2.21096221	23.2195796	
	3.58871148	2.21116229	23.2194122	
	3.58987682	2.21129246	23.2192538	
	3.59102051	2.21135229	23.2191048	
	3.59213848	2.21134165	23.2189658	
	3.59322672	2.21126062	23.2188373	
	3.59428135	2.21110957	23.2187198	
	3.5952986	2.2108891	23.2186135	
	3.59627486	2.21060007	23.218519	
	3.59720666	2.21024357	23.2184365	
	3.59809067	2.20982094	23.2183663	
	3.59892377	2.20933377	23.2183086	
	3.59970301	2.20878384	23.2182637	
	3.60042563	2.20817318	23.2182316	
	3.60108907	2.20750402	23.2182125	
	3.601691	2.2067788	23.2182063	
	3.60222929	2.20600016	23.2182132	
	3.60270206	2.2051709	23.218233	
	3.60310765	2.20429402	23.2182656	
	3.60344464	2.20337267	23.2183111	
	3.60371185	2.20241016	23.2183691	
	3.60390836	2.20140993	23.2184394	
	3.6040335	2.20037555	23.2185218	
	3.60408684	2.19931072	23.2186161	
	3.6040682	2.19821921	23.2187218	
	3.60397767	2.19710492	23.2188385	
	3.60381559	2.19597178	23.2189659	
	3.60358254	2.19482382	23.2191035	
	3.60327937	2.1936651	23.2192509	
	3.60290715	2.19249971	23.2194074	
	3.60246722	2.19133177	23.2195725	
	3.60196113	2.19016541	23.2197457	
	3.60139069	2.18900474	23.2199263	
	3.60075793	2.18785386	23.2201136	
	3.60006508	2.18671682	23.2203072	
	3.59931461	2.18559764	23.2205062	
	3.59850918	2.18450027	23.22071	
	3.59765163	2.18342858	23.2209179	
	3.59674502	2.18238636	23.2211291	
	3.59352547	2.17883044	23.2218656	
	3.58863912	2.17342598	23.222984	
	3.58209945	2.16617638	23.2244821	
	3.5739238	2.15707937	23.226358	
	3.56413729	2.14612839	23.2286089	
	3.55276779	2.13331859	23.2312314	
	3.53984401	2.11864869	23.2342217	
	3.52539549	2.10211757	23.2375753	
	3.50946943	2.08371252	23.2412864	
	3.49208286	2.06345894	23.2453494	
	3.47320022	2.04142829	23.2497612	
	3.45293804	2.01754151	23.254511	
	3.43135518	1.991795	23.2595895	
	3.40849578	1.96418808	23.2649892	
	3.3844186	1.93472036	23.2706995	
	3.35909412	1.90347501	23.2767141	
	3.33260402	1.87041482	23.283021	
	3.30503828	1.83552889	23.2896068	
	3.27644314	1.79881911	23.2964582	
	3.24678153	1.76039825	23.303564	
	3.2160914	1.72026712	23.310912	
	3.18451865	1.67837806	23.3184761	
	3.15211523	1.63474067	23.3262382	
	3.11852723	1.58973039	23.3342124	
	3.08415845	1.54305968	23.3423508	
	3.04907213	1.4947417	23.3506256	
	3.01311273	1.44497222	23.3590302	
	2.97642211	1.39370513	23.3675411	
	2.93914529	1.34089236	23.3761272	
	2.90127077	1.28661888	23.3847723	
	2.86288098	1.23089458	23.3934506	
	2.82398033	1.17378781	23.4021443	
	2.78401491	1.11580313	23.4109	
	2.74356954	1.05656917	23.4196472	
	2.7027178	0.996117415	23.4283531	
	2.66120539	0.934690342	23.4370309	
	2.61942285	0.872095006	23.4456178	
	2.57751581	0.808322791	23.4540791	
	2.53528619	0.743565426	23.4624173	
	2.4923322	0.678219483	23.4708031	
	2.44885959	0.612227758	23.4792161	
	2.40508462	0.545505376	23.4874836	
	2.36058264	0.478411874	23.4956413	
	2.31598594	0.410605482	23.5035951	
	2.27139819	0.342109593	23.5113169	
	2.22656766	0.273170565	23.5188304	
	2.18192859	0.203598963	23.5260632	
	2.13715404	0.133700692	23.5330524	
	2.09208048	0.063671237	23.5398133	
	2.04669525	-0.006392467	23.5463404	
	2.00142601	-0.076673058	23.5525674	
	1.95608203	-0.146969092	23.5585108	
	1.91095176	-0.21736231	23.5641231	
	1.86606107	-0.287783109	23.5693948	
	1.82139712	-0.358134935	23.5743275	
	1.77700282	-0.428333344	23.5789182	
	1.73291796	-0.498338268	23.5831667	
	1.68902899	-0.567997482	23.5870984	
	1.64502286	-0.63723051	23.5907524	
	1.6013978	-0.70577769	23.5940822	
	1.55800192	-0.773721652	23.5972319	
	1.51502129	-0.8410715	23.600224	
	1.47242364	-0.907722111	23.603041	
	1.43032831	-0.973665011	23.6056715	
	1.38861047	-1.03874143	23.6081387	
	1.34729239	-1.10288325	23.6104439	
	1.30659145	-1.16613576	23.6125665	
	1.26638605	-1.22834548	23.6145498	
	1.2267805	-1.28949969	23.6163605	
	1.18786999	-1.3495751	23.6179849	
	1.14962372	-1.40847671	23.6194365	
	1.11211169	-1.46616888	23.6207145	
	1.07519067	-1.52249815	23.6218541	
	1.03884843	-1.57737524	23.6228715	
	1.00333482	-1.63088677	23.6237392	
	0.968623839	-1.68294614	23.6244769	
	0.934761082	-1.7335134	23.6250926	
	0.901846826	-1.7825843	23.6255855	
	0.869927038	-1.8301239	23.625964	
	0.839088385	-1.87612441	23.6262296	
	0.809261948	-1.92048469	23.6264102	
	0.780493146	-1.96317615	23.6265146	
	0.752672314	-2.00407615	23.626576	
	0.725828756	-2.04314954	23.6266123	
	0.700128929	-2.0804487	23.6266174	
	0.675600212	-2.11594257	23.6265895	
	0.65219232	-2.14955395	23.6265453	
	0.629928254	-2.18125469	23.6264926	
	0.608929298	-2.21107672	23.6264198	
	0.58921707	-2.23900039	23.626332	
	0.570813395	-2.26500148	23.6262345	
	0.553731921	-2.28905336	23.6261331	
	0.537999388	-2.31114279	23.6260304	
	0.52364756	-2.33126282	23.6259271	
	0.510689286	-2.34939596	23.625827	
	0.499138103	-2.36552749	23.6257331	
	0.489009345	-2.37964645	23.6256473	
	0.480317657	-2.39174392	23.6255711	
	0.473075823	-2.40181246	23.6255057	
	0.467293621	-2.40984555	23.6254521	
	0.462978159	-2.41583766	23.6254113	
	0.460137609	-2.41978034	23.625384	
	0.459294187	-2.42090143	23.6253809	
	0.45840961	-2.42198128	23.6253875	
	0.457487293	-2.4230157	23.6254037	
	0.456530794	-2.42400072	23.6254295	
	0.455543805	-2.42493255	23.6254648	
	0.454530132	-2.42580759	23.6255094	
	0.453493687	-2.42662248	23.6255632	
	0.452438465	-2.4273741	23.6256261	
	0.451368536	-2.42805954	23.6256977	
	0.450288023	-2.4286762	23.6257778	
	0.449201093	-2.42922169	23.6258661	
	0.448111933	-2.42969394	23.6259622	
	0.447024741	-2.43009113	23.6260658	
	0.445943704	-2.43041176	23.6261765	
	0.444872987	-2.4306546	23.6262939	
	0.443816712	-2.43081873	23.6264174	
	0.442778947	-2.43090355	23.6265468	
	0.441763688	-2.43090873	23.6266813	
	0.440774841	-2.43083427	23.6268205	
	0.439816212	-2.43068048	23.626964	
	0.438891491	-2.43044795	23.627111	
	0.438004236	-2.43013761	23.627261	
	0.437157858	-2.42975065	23.6274136	
	0.436355614	-2.42928857	23.6275679	
#	Profile	6	at	100%
	0.639089285	-2.51258719	25.1066809	
	0.638477365	-2.51220606	25.1068797	
	0.637901407	-2.5117647	25.1070751	
	0.637363676	-2.51126485	25.1072663	
	0.636866289	-2.51070848	25.1074526	
	0.636411204	-2.51009779	25.1076331	
	0.636000212	-2.50943516	25.1078073	
	0.635634929	-2.50872321	25.1079743	
	0.635316793	-2.50796475	25.1081336	
	0.635047056	-2.50716275	25.1082846	
	0.63482678	-2.50632037	25.1084265	
	0.634656832	-2.50544092	25.1085589	
	0.63453788	-2.50452787	25.1086812	
	0.634470393	-2.50358481	25.108793	
	0.634454636	-2.50261543	25.1088938	
	0.634490672	-2.50162356	25.1089832	
	0.634578358	-2.5006131	25.1090608	
	0.634717352	-2.49958802	25.1091264	
	0.634907104	-2.49855236	25.1091796	
	0.635146871	-2.49751019	25.1092203	
	0.635435707	-2.4964656	25.1092484	
	0.635772477	-2.49542271	25.1092636	
	0.636155857	-2.49438562	25.109266	
	0.636584336	-2.49335841	25.1092555	
	0.63705623	-2.49234513	25.1092322	
	0.639199428	-2.4879755	25.1091028	
	0.642455311	-2.48133952	25.1089044	
	0.646820723	-2.47244631	25.1086346	
	0.652292701	-2.46130459	25.1082903	
	0.658865205	-2.44792399	25.1078685	
	0.666527906	-2.43231433	25.1073666	
	0.675268321	-2.41448683	25.1067818	
	0.68507629	-2.39445662	25.1061094	
	0.695943479	-2.37224251	25.1053436	
	0.707868911	-2.34786999	25.1044753	
	0.720887105	-2.32138642	25.1034833	
	0.734988493	-2.29281705	25.1023598	
	0.750087742	-2.26214794	25.1011203	
	0.766180412	-2.2294124	25.0997539	
	0.783239744	-2.19463375	25.0982563	
	0.8013671	-2.15790835	25.0965822	
	0.82055698	-2.11927563	25.0947197	
	0.840672136	-2.07870483	25.092698	
	0.861687021	-2.03622897	25.0905108	
	0.8835992	-1.99189617	25.0881439	
	0.906395298	-1.94575053	25.0855861	
	0.930024631	-1.89781766	25.082839	
	0.954472352	-1.84814493	25.0798922	
	0.979570787	-1.7966981	25.076783	
	1.00540204	-1.74358162	25.0734705	
	1.03195691	-1.68885171	25.0699427	
	1.05930602	-1.63260987	25.0661626	
	1.08741427	-1.57490154	25.0621268	
	1.11616871	-1.51573146	25.057856	
	1.14559822	-1.45518331	25.0533273	
	1.17565116	-1.39329841	25.0485431	
	1.2062772	-1.33012029	25.0435055	
	1.23738019	-1.26566906	25.038231	
	1.26899407	-1.20003679	25.032697	
	1.3011834	-1.13333342	25.026872	
	1.33412824	-1.06573249	25.0206911	
	1.36750166	-0.997134141	25.0142424	
	1.40135716	-0.927645583	25.0074995	
	1.43561704	-0.857303855	25.0004772	
	1.47025351	-0.786174027	24.9931758	
	1.50525848	-0.714332116	24.9855903	
	1.54057261	-0.641829564	24.9777318	
	1.57648397	-0.568901757	24.96951	
	1.61267359	-0.49544937	24.9610164	
	1.64915763	-0.421579636	24.9522249	
	1.68588246	-0.347348279	24.943115	
	1.7227117	-0.27276295	24.9337235	
	1.75955663	-0.197871253	24.9240726	
	1.79657329	-0.122828503	24.9141164	
	1.83389536	-0.047802209	24.9038166	
	1.871332	0.0272281	24.8932283	
	1.90915893	0.102021814	24.8822756	
	1.94708453	0.176655221	24.8710442	
	1.98504219	0.251079958	24.8595566	
	2.02300763	0.325224397	24.8478243	
	2.06064236	0.399197638	24.8359472	
	2.09764777	0.47309113	24.824013	
	2.13459159	0.546500837	24.8118705	
	2.17135885	0.619400154	24.7995593	
	2.20822276	0.691556111	24.7870136	
	2.24717925	0.761690313	24.7737037	
	2.28597297	0.831042215	24.760258	
	2.32493414	0.899329089	24.7465999	
	2.36378246	0.966631014	24.7328182	
	2.40201383	1.03317775	24.719059	
	2.43938501	1.09906179	24.7053994	
	2.47654182	1.16379853	24.691709	
	2.51428324	1.2267985	24.6777837	
	2.55191584	1.28841069	24.6638213	
	2.58933077	1.34862972	24.6498685	
	2.62723707	1.40688648	24.6357702	
	2.66470169	1.46374481	24.6217791	
	2.7017082	1.51911109	24.6079204	
	2.73822275	1.57295158	24.5942194	
	2.77422137	1.6252044	24.5806968	
	2.8098132	1.67571471	24.5673458	
	2.84500619	1.72441897	24.554182	
	2.87955132	1.77140033	24.5412815	
	2.91345615	1.81659985	24.5286578	
	2.9467676	1.85990866	24.5163164	
	2.97930724	1.90139524	24.5043119	
	3.01101473	1.94104217	24.4926717	
	3.04199917	1.97869974	24.4813862	
	3.07215644	2.01438507	24.4704893	
	3.10131772	2.04817382	24.4600256	
	3.12941924	2.08006411	24.4500159	
	3.15653308	2.10993662	24.4404547	
	3.18265385	2.13774161	24.4313508	
	3.20752827	2.16364315	24.4227553	
	3.23109194	2.18765505	24.4146819	
	3.25327602	2.20979825	24.4071439	
	3.27404945	2.23006298	24.4001476	
	3.29341594	2.24841033	24.3936921	
	3.31125862	2.264916	24.3877959	
	3.32746718	2.27965805	24.3824763	
	3.34200275	2.29265329	24.377738	
	3.3548159	2.30393191	24.3735868	
	3.36586089	2.31352468	24.3700276	
	3.37510101	2.3214562	24.3670639	
	3.38250845	2.32774453	24.364698	
	3.38805661	2.33240928	24.3629323	
	3.39172499	2.33547209	24.3617678	
	3.39265919	2.33621759	24.3614747	
	3.39361671	2.33691755	24.3611804	
	3.39459408	2.33756946	24.3608862	
	3.39558776	2.33817096	24.3605929	
	3.39659412	2.33871993	24.3603018	
	3.39760954	2.3392144	24.3600138	
	3.39863034	2.33965264	24.3597301	
	3.39965282	2.34003312	24.3594516	
	3.40067331	2.34035452	24.3591793	
	3.40168812	2.34061575	24.3589142	
	3.40269361	2.34081594	24.3586572	
	3.40368616	2.34095446	24.3584094	
	3.40466222	2.34103088	24.3581714	
	3.4056183	2.34104503	24.3579443	
	3.40655098	2.34099693	24.3577288	
	3.40745693	2.34088686	24.3575256	
	3.40833294	2.3407153	24.3573354	
	3.40917589	2.34048296	24.3571589	
	3.4099828	2.34019078	24.3569968	
	3.4107508	2.33983987	24.3568495	
	3.4114772	2.3394316	24.3567175	
	3.41215943	2.33896749	24.3566014	
	3.4127951	2.3384493	24.3565014	
	3.41338197	2.33787893	24.356418	
	3.413918	2.3372585	24.3563513	
	3.4144013	2.33659028	24.3563017	
	3.4148302	2.33587669	24.3562691	
	3.41520321	2.33512033	24.3562539	
	3.41551903	2.33432391	24.3562558	
	3.4157766	2.33349031	24.3562751	
	3.41597501	2.3326225	24.3563115	
	3.4161136	2.33172358	24.3563649	
	3.4161919	2.33079674	24.3564352	
	3.41620966	2.32984526	24.3565221	
	3.41616684	2.32887251	24.3566252	
	3.4160636	2.3278819	24.3567442	
	3.41590032	2.32687694	24.3568787	
	3.41567759	2.32586113	24.3570281	
	3.41539621	2.32483805	24.357192	
	3.41505717	2.32381127	24.3573698	
	3.41466167	2.32278438	24.3575609	
	3.41421111	2.32176098	24.3577645	
	3.41370708	2.32074463	24.35798	
	3.41315135	2.31973888	24.3582067	
	3.41254589	2.31874725	24.3584436	
	3.41189282	2.31777321	24.3586901	
	3.41119444	2.31682015	24.3589453	
	3.41045321	2.31589142	24.3592083	
	3.40742083	2.31224047	24.3602701	
	3.40283202	2.30669661	24.3618792	
	3.39670189	2.29925226	24.3640331	
	3.38905668	2.28989868	24.3667271	
	3.37993225	2.27862191	24.3699547	
	3.36936793	2.26540916	24.3737082	
	3.35740442	2.25025068	24.3779795	
	3.34408438	2.23313843	24.3827595	
	3.32947185	2.21404805	24.3880352	
	3.31356383	2.19301982	24.3938037	
	3.29635219	2.17009852	24.4000629	
	3.27795414	2.1452174	24.4067891	
	3.25845341	2.11834524	24.413964	
	3.23789769	2.08948735	24.4215748	
	3.21633861	2.05864911	24.4296062	
	3.19363751	2.02599365	24.4380776	
	3.16990028	1.99147948	24.4469642	
	3.1453092	1.95500253	24.4562251	
	3.11990505	1.91658588	24.4658429	
	3.09362011	1.87633778	24.4758211	
	3.066448	1.83431578	24.4861516	
	3.03859118	1.79041871	24.4967817	
	3.01007807	1.74468495	24.5076924	
	2.9808171	1.69724429	24.5188904	
	2.95093138	1.64806156	24.5303364	
	2.92051333	1.59714843	24.5419933	
	2.88938706	1.54467027	24.553887	
	2.85762816	1.49065375	24.5659858	
	2.82541495	1.43503613	24.5782332	
	2.79278546	1.37785613	24.5906041	
	2.75977713	1.31917665	24.603072	
	2.72642198	1.25901839	24.615614	
	2.69184457	1.19805568	24.6284324	
	2.65681479	1.13583231	24.6413264	
	2.62127683	1.07246176	24.6542938	
	2.5845905	1.00841453	24.6674862	
	2.54760834	0.943228398	24.6806694	
	2.51101719	0.876547267	24.6936453	
	2.47460869	0.808602428	24.7064488	
	2.43792917	0.739756019	24.7191879	
	2.40075091	0.670223456	24.7319271	
	2.36344238	0.59986003	24.7445288	
	2.32379321	0.530045979	24.7575926	
	2.28383993	0.459647244	24.7705527	
	2.24391156	0.388567759	24.7833084	
	2.20392773	0.316931391	24.7958731	
	2.16449924	0.244480414	24.8080663	
	2.12537089	0.171453461	24.8199511	
	2.08624794	0.098107378	24.8316046	
	2.04715022	0.024518578	24.8430162	
	2.00805573	-0.049213104	24.8541881	
	1.96871809	-0.122863152	24.8651888	
	1.92945845	-0.196524099	24.875924	
	1.89013211	-0.270027648	24.8864348	
	1.85091475	-0.343391464	24.8966703	
	1.81201726	-0.416628452	24.9065702	
	1.77339717	-0.489639304	24.9161481	
	1.73496714	-0.562287097	24.9254327	
	1.69673566	-0.634487098	24.9344252	
	1.65875984	-0.706197545	24.9431139	
	1.62076588	-0.777176062	24.9515843	
	1.5830991	-0.847519435	24.9597661	
	1.54576264	-0.917144742	24.967694	
	1.50880114	-0.985993528	24.9753587	
	1.47224157	-1.05399883	24.9827608	
	1.43606132	-1.1210678	24.989915	
	1.40037002	-1.18718019	24.9967978	
	1.36489698	-1.25211096	25.0035008	
	1.32987852	-1.31591086	25.0099628	
	1.29543636	-1.37856982	25.0161584	
	1.26166166	-1.44006263	25.0220714	
	1.22851557	-1.5002949	25.0277258	
	1.19600507	-1.55919858	25.0331317	
	1.1641358	-1.61670642	25.0383007	
	1.1329937	-1.67279657	25.0432192	
	1.10252261	-1.72737137	25.0479185	
	1.07274379	-1.78037707	25.052406	
	1.04378361	-1.83181918	25.0566563	
	1.01568801	-1.88166128	25.0606692	
	0.988593347	-1.92991847	25.0644161	
	0.962385405	-1.97647062	25.0679473	
	0.937101627	-2.02128259	25.0712656	
	0.912742305	-2.06430091	25.0743853	
	0.88934418	-2.10549426	25.0773093	
	0.866952914	-2.14483861	25.0800365	
	0.845589774	-2.1822985	25.0825747	
	0.825162708	-2.21777823	25.084967	
	0.80570947	-2.25125588	25.087215	
	0.787372819	-2.28277005	25.0892863	
	0.770165219	-2.31228985	25.0911893	
	0.754119297	-2.33979794	25.0929256	
	0.739184352	-2.36523328	25.0945228	
	0.725383276	-2.3885777	25.0959842	
	0.71278096	-2.40983899	25.0972993	
	0.701404507	-2.42900677	25.0984686	
	0.691270484	-2.44606731	25.0994952	
	0.682390804	-2.46100672	25.1003832	
	0.674772637	-2.47381099	25.1011368	
	0.66842265	-2.4844684	25.1017598	
	0.663348972	-2.49297065	25.1022545	
	0.659559963	-2.49931217	25.1026223	
	0.657063565	-2.50348665	25.1028638	
	0.656471117	-2.50443314	25.1029253	
	0.655843771	-2.50534994	25.102999	
	0.655183999	-2.50623343	25.1030845	
	0.654494399	-2.50708014	25.1031815	
	0.653777687	-2.50788673	25.1032896	
	0.653036688	-2.50865003	25.1034083	
	0.652274318	-2.50936704	25.1035372	
	0.651493582	-2.51003493	25.1036759	
	0.650697554	-2.51065107	25.1038237	
	0.649889369	-2.51121305	25.1039801	
	0.649072209	-2.51171865	25.1041444	
	0.648249294	-2.5121659	25.1043161	
	0.647423862	-2.51255302	25.1044944	
	0.646599166	-2.51287851	25.1046786	
	0.645778451	-2.51314108	25.1048681	
	0.64496495	-2.5133397	25.105062	
	0.644161866	-2.5134736	25.1052597	
	0.64337236	-2.51354226	25.1054602	
	0.642599541	-2.51354541	25.105663	
	0.641846453	-2.51348304	25.1058671	
	0.641116059	-2.5133554	25.1060717	
	0.640411235	-2.51316299	25.1062761	
	0.639734756	-2.51290658	25.1064794	
	0.639089285	-2.51258719	25.1066809	