     4.8952136     8.1650047     8.4930267
     4.8951159     8.1649485     8.4914999
     4.8948045     8.1639118     8.4866428
     4.8942103     8.1591377     8.4775391
     4.8932819     8.1479950     8.4633837
     4.8919783     8.1289339     8.4439440
     4.8903332     8.1019945     8.4198866
     4.8883519     8.0670900     8.3915672
     4.8860407     8.0242176     8.3593807
     4.8834095     7.9739404     8.3234901
     4.8804197     7.9168229     8.2836819
     4.8770595     7.8530178     8.2401094
     4.8733144     7.7826357     8.1929674
     4.8691502     7.7057657     8.1423979
     4.8645444     7.6224608     8.0885715
     4.8594618     7.5330567     8.0315285
     4.8538265     7.4383173     7.9709921
     4.8475780     7.3385034     7.9069762
     4.8406458     7.2338185     7.8395157
     4.8329587     7.1244531     7.7686691
     4.8244357     7.0105972     7.6945076
     4.8149791     6.8924446     7.6171017
     4.8044806     6.7702241     7.5365171
     4.7928209     6.6442304     7.4527907
     4.7798519     6.5147839     7.3659625
     4.7654347     6.3822274     7.2760706
     4.7493820     6.2468915     7.1831832
     4.7315211     6.1091394     7.0873809
     4.7116466     5.9693484     6.9887662
     4.6895456     5.8279233     6.8874497
     4.6649890     5.6852918     6.7835784
     4.6377363     5.5418797     6.6773095
     4.6075439     5.3981237     6.5688457
     4.5741396     5.2544441     6.4584193
     4.5372887     5.1112599     6.3462915
     4.4967418     4.9689593     6.2327790
     4.4522848     4.8279076     6.1182327
     4.4036961     4.6884294     6.0030522
     4.3508501     4.5508595     5.8876295
     4.2936363     4.4155021     5.7723598
     4.2319188     4.2826056     5.6576200
     4.1656117     4.1523256     5.5437465
     4.0946741     4.0248289     5.4311342
     4.0191450     3.9002481     5.3201799
     3.9391251     3.7786710     5.2113132
     3.8547952     3.6601131     5.1049018
     3.7663665     3.5445442     5.0012736
     3.6740952     3.4319129     4.9007154
     3.5782897     3.3221529     4.8034620
     3.4792957     3.2151978     4.7097254
     3.3775043     3.1107605     4.6196613
     3.2733283     3.0082273     4.5334005
     3.1672018     2.9075062     4.4510188
     3.0595565     2.8085358     4.3725519
     2.9507971     2.7112312     4.2979851
     2.8413146     2.6154926     4.2272749
     2.7314706     2.5212207     4.1603365
     2.6215656     2.4283340     4.0970535
     2.5118971     2.3367698     4.0373063
     2.4027674     2.2465227     3.9809847
     2.2944520     2.1575811     3.9279637
     2.1871889     2.0698953     3.8781087
     2.0811911     1.9834306     3.8312817
     1.9766350     1.8982034     3.7873468
     1.8736784     1.8142455     3.7461576
     1.7724636     1.7315780     3.7075877
     1.6731238     1.6502252     3.6715055
     1.5757802     1.5702193     3.6377909
     1.4805424     1.4915965     3.6063271
     1.3875159     1.4143989     3.5770054
     1.2968038     1.3386685     3.5497212
     1.2084999     1.2644532     3.5243740
     1.1227031     1.1918061     3.5008712
     1.0395066     1.1207752     3.4791207
     0.9589989     1.0514134     3.4590371
     0.8812670     0.9837714     3.4405332
     0.8063936     0.9178963     3.4235263
     0.7344623     0.8538433     3.4079385
     0.6655477     0.7916811     3.3936892
     0.5997426     0.7314550     3.3807063
     0.5371262     0.6732035     3.3689156
     0.4777441     0.6169593     3.3582408
     0.4216272     0.5627404     3.3486059
     0.3688016     0.5106376     3.3399367
     0.3192914     0.4607688     3.3321648
     0.2731536     0.4131813     3.3252301
     0.2304749     0.3678810     3.3190787
     0.1913274     0.3248443     3.3136594
     0.1556853     0.2841604     3.3089106
     0.1234469     0.2460166     3.3047690
     0.0945010     0.2105933     3.3011723
     0.0690565     0.1776359     3.2981081
     0.0472951     0.1470230     3.2955585
     0.0291478     0.1189976     3.2934837
     0.0146667     0.0937311     3.2918601
     0.0040779     0.0714262     3.2906914
    -0.0015225     0.0520529     3.2900796
    -0.0013748     0.0372612     3.2900958
     0.0020376     0.0279543     3.2904687
     0.0059934     0.0232944     3.2909009
     0.0078687     0.0221784     3.2911081
     0.0100263     0.0215766     3.2913465
     0.0166180     0.0219718     3.2920778
     0.0267637     0.0254635     3.2932148
     0.0395499     0.0328094     3.2946672
     0.0545687     0.0441588     3.2964032
     0.0720744     0.0592861     3.2984664
     0.0924649     0.0779391     3.3009245
     0.1157204     0.1001518     3.3037982
     0.1416711     0.1260422     3.3070931
     0.1704588     0.1552322     3.3108573
     0.2023610     0.1871943     3.3151650
     0.2371938     0.2222120     3.3200300
     0.2750809     0.2600315     3.3255141
     0.3161156     0.3004550     3.3316784
     0.3602895     0.3434661     3.3385763
     0.4076529     0.3889500     3.3462753
     0.4582768     0.4367517     3.3548493
     0.5121866     0.4867605     3.3643723
     0.5693820     0.5388860     3.3749211
     0.6298153     0.5930691     3.3865633
     0.6933936     0.6492831     3.3993666
     0.7600404     0.7074742     3.4133976
     0.8297099     0.7675656     3.4287367
     0.9023269     0.8295181     3.4454594
     0.9777701     0.8933299     3.4636352
     1.0559320     0.9589719     3.4833338
     1.1368374     1.0262876     3.5046678
     1.2205156     1.0951145     3.5277526
     1.3066494     1.1656332     3.5526204
     1.3947313     1.2382319     3.5792303
     1.4848078     1.3127353     3.6077051
     1.5775214     1.3883283     3.6383796
     1.6730378     1.4646662     3.6714752
     1.7706194     1.5423920     3.7069023
     1.8696229     1.6220933     3.7445776
     1.9701147     1.7035475     3.7846780
     2.0722785     1.7863760     3.8274505
     2.1760030     1.8705093     3.8730552
     2.2810481     1.9560304     3.9215913
     2.3871710     2.0430231     3.9731789
     2.4941483     2.1315596     4.0279393
     2.6017866     2.2215784     4.0860353
     2.7099149     2.3128057     4.1476436
     2.8182395     2.4051704     4.2128892
     2.9262719     2.4992461     4.2817817
     3.0335877     2.5955977     4.3543310
     3.1399524     2.6939676     4.4306917
     3.2451432     2.7937994     4.5110054
     3.3487308     2.8950977     4.5952673
     3.4502046     2.9982312     4.6833620
     3.5491183     3.1037576     4.7751675
     3.6450930     3.2120655     4.8705502
     3.7377806     3.3231473     4.9693384
     3.8268499     3.4370837     5.0713224
     3.9120216     3.5539372     5.1762338
     3.9930573     3.6737587     5.2837729
     4.0697651     3.7965276     5.3935895
     4.1420107     3.9221814     5.5052948
     4.2097197     4.0506244     5.6184850
     4.2729006     4.1817374     5.7327776
     4.3315997     4.3153901     5.8478093
     4.3859348     4.4514303     5.9632044
     4.4360085     4.5896354     6.0785904
     4.4819336     4.7296934     6.1935477
     4.5238771     4.8712740     6.3076801
     4.5620618     5.0140433     6.4206204
     4.5967178     5.1576352     6.5320425
     4.6280823     5.3016644     6.6416478
     4.6564102     5.4457302     6.7491789
     4.6819487     5.5894151     6.8544121
     4.7049441     5.7323074     6.9571624
     4.7256141     5.8739848     7.0572748
     4.7441940     6.0140429     7.1546078
     4.7608862     6.1520844     7.2490625
     4.7758818     6.2877164     7.3405504
     4.7893591     6.4205713     7.4290195
     4.8014827     6.5502977     7.5144253
     4.8123918     6.6765642     7.5967445
     4.8222237     6.7990580     7.6759496
     4.8310885     6.9174948     7.7520199
     4.8391004     7.0315924     7.8249335
     4.8463383     7.1410828     7.8946743
     4.8528891     7.2457261     7.9612150
     4.8588223     7.3452902     8.0245323
     4.8641968     7.4395771     8.0845814
     4.8690605     7.5283871     8.1413298
     4.8734355     7.6119423     8.1944790
     4.8773441     7.6903253     8.2437592
     4.8808308     7.7632785     8.2891188
     4.8839250     7.8305387     8.3304739
     4.8866487     7.8918595     8.3677559
     4.8890023     7.9471035     8.4008226
     4.8909659     7.9965606     8.4290953
     4.8925433     8.0400581     8.4523487
     4.8937631     8.0772333     8.4707155
     4.8946390     8.1074896     8.4840708
     4.8951707     8.1301861     8.4923601
     4.8954163     8.1452036     8.4961910
     4.8954554     8.1526241     8.4968033
     4.8954487     8.1547928     8.4967012
