        X           R*THETA          R
     4.7685165     8.0952330     8.4935398
     4.7683787     8.0947866     8.4918804
     4.7679434     8.0925407     8.4866390
     4.7671399     8.0856600     8.4769745
     4.7659225     8.0721664     8.4625359
     4.7642975     8.0512133     8.4434261
     4.7622938     8.0227575     8.4201403
     4.7599349     7.9867506     8.3930445
     4.7572451     7.9431648     8.3625832
     4.7542219     7.8925996     8.3288174
     4.7508020     7.8357472     8.2913780
     4.7469673     7.7727466     8.2503843
     4.7426939     7.7036867     8.2060070
     4.7379522     7.6286564     8.1583443
     4.7327156     7.5477238     8.1074944
     4.7269297     7.4610910     8.0535002
     4.7205305     7.3692155     7.9962487
     4.7134457     7.2723207     7.9357710
     4.7055988     7.1705956     7.8720999
     4.6969013     7.0642323     7.8052807
     4.6872563     6.9534359     7.7353663
     4.6765523     6.8384256     7.6624041
     4.6646686     6.7194581     7.5864382
     4.6514645     6.5968323     7.5074944
     4.6367707     6.4708753     7.4256058
     4.6204267     6.3419437     7.3407984
     4.6022305     6.2103939     7.2531271
     4.5819750     6.0766120     7.1626639
     4.5594416     5.9410067     7.0695043
     4.5344024     5.8040113     6.9737616
     4.5066080     5.6660762     6.8755960
     4.4758015     5.5276537     6.7751894
     4.4417381     5.3892064     6.6727643
     4.4041586     5.2511830     6.5685768
     4.3628283     5.1140137     6.4629292
     4.3175302     4.9780946     6.3561673
     4.2680640     4.8437867     6.2486815
     4.2142935     4.7113891     6.1408577
     4.1561337     4.5811968     6.0331016
     4.0935259     4.4534626     5.9258242
     4.0264111     4.3283873     5.8194299
     3.9547794     4.2060599     5.7142944
     3.8786833     4.0865612     5.6108131
     3.7982521     3.9699280     5.5093784
     3.7136769     3.8561561     5.4103904
     3.6252115     3.7451627     5.3141756
     3.5331450     3.6368268     5.2210202
     3.4378095     3.5310121     5.1311655
     3.3395629     3.4274716     5.0448060
     3.2388191     3.3253160     4.9620881
     3.1359994     3.2242866     4.8831215
     3.0315480     3.1242671     4.8079796
     2.9259217     3.0251932     4.7366867
     2.8195651     2.9270205     4.6692338
     2.7128823     2.8296919     4.6055584
     2.6062438     2.7331479     4.5455666
     2.4999747     2.6373367     4.4891353
     2.3943300     2.5422306     4.4361076
     2.2895627     2.4478228     4.3863330
     2.1859379     2.3541787     4.3396749
     2.0836830     2.2613661     4.2959957
     1.9829800     2.1694312     4.2551322
     1.8839699     2.0784285     4.2169352
     1.7867733     1.9884343     4.1812477
     1.6914873     1.8995353     4.1479254
     1.5981977     1.8118083     4.1168289
     1.5069762     1.7253320     4.0878277
     1.4178867     1.6401875     4.0608020
     1.3309865     1.5564537     4.0356336
     1.2463295     1.4742125     4.0122170
     1.1639720     1.3935397     3.9904532
     1.0839651     1.3145090     3.9702487
     1.0063704     1.2371924     3.9515224
     0.9312502     1.1616511     3.9341898
     0.8586644     1.0879490     3.9181783
     0.7886740     1.0161464     3.9034140
     0.7213395     0.9462987     3.8898301
     0.6567326     0.8784547     3.8773613
     0.5949215     0.8126701     3.8659451
     0.5359994     0.7489769     3.8555298
     0.4800440     0.6874081     3.8460555
     0.4270684     0.6280329     3.8374610
     0.3770569     0.5709260     3.8296781
     0.3300307     0.5161676     3.8226566
     0.2860372     0.4638261     3.8163428
     0.2451405     0.4139380     3.8106990
     0.2074248     0.3665212     3.8056827
     0.1729273     0.3215993     3.8012557
     0.1415912     0.2792848     3.7973642
     0.1133127     0.2397366     3.7939625
     0.0879859     0.2031032     3.7910023
     0.0656563     0.1693196     3.7884612
     0.0463453     0.1383887     3.7863140
     0.0299619     0.1104807     3.7845306
     0.0164986     0.0857164     3.7830899
     0.0060536     0.0642156     3.7819877
    -0.0005192     0.0458423     3.7813029
    -0.0023822     0.0313117     3.7811084
    -0.0009187     0.0213736     3.7812612
     0.0021562     0.0160832     3.7815816
     0.0038777     0.0148155     3.7817607
     0.0059576     0.0141824     3.7819777
     0.0123296     0.0149691     3.7826490
     0.0218379     0.0195322     3.7836585
     0.0333505     0.0285068     3.7848959
     0.0464237     0.0418471     3.7863226
     0.0614771     0.0591069     3.7879920
     0.0791102     0.0798592     3.7899835
     0.0993816     0.1040604     3.7923241
     0.1221569     0.1317841     3.7950149
     0.1475071     0.1628260     3.7980900
     0.1755916     0.1968904     3.8015914
     0.2063376     0.2340829     3.8055408
     0.2398216     0.2742418     3.8099799
     0.2761177     0.3172247     3.8149550
     0.3152573     0.3629670     3.8205090
     0.3573099     0.4113474     3.8266959
     0.4023616     0.4622169     3.8335767
     0.4504561     0.5154584     3.8412089
     0.5016081     0.5709752     3.8496590
     0.5557756     0.6287098     3.8589756
     0.6128581     0.6886497     3.8692064
     0.6727731     0.7507589     3.8804057
     0.7354876     0.8149633     3.8926334
     0.8009398     0.8812185     3.9059544
     0.8690119     0.9495299     3.9204164
     0.9396009     1.0198789     3.9360783
     1.0127848     1.0920732     3.9530377
     1.0886555     1.1659026     3.9714086
     1.1668544     1.2415998     3.9911981
     1.2467713     1.3196703     4.0123363
     1.3285346     1.3998713     4.0349388
     1.4130728     1.4811040     4.0593758
     1.5006951     1.5628774     4.0858822
     1.5905085     1.6460057     4.1143308
     1.6817396     1.7312293     4.1446061
     1.7745739     1.8182096     4.1768899
     1.8693628     1.9063898     4.2114582
     1.9660711     1.9956183     4.2484732
     2.0644882     2.0859458     4.2880454
     2.1644268     2.1773977     4.3302979
     2.2657232     2.2699769     4.3753786
     2.3682616     2.3635128     4.4234667
     2.4719515     2.4575701     4.4747791
     2.5765495     2.5519748     4.5294724
     2.6815486     2.6474175     4.5875621
     2.7865138     2.7445927     4.6490936
     2.8913066     2.8430815     4.7142763
     2.9957812     2.9420776     4.7833343
     3.0995004     3.0415471     4.8563118
     3.2019017     3.1419652     4.9331303
     3.3024993     3.2436068     5.0137215
     3.4008927     3.3464870     5.0980110
     3.4966707     3.4512622     5.1858945
     3.5894539     3.5584350     5.2771997
     3.6788862     3.6681557     5.3717127
     3.7646551     3.7805526     5.4691744
     3.8464787     3.8957024     5.5692844
     3.9241457     4.0136447     5.6716809
     3.9974771     4.1343846     5.7759790
     4.0663767     4.2578864     5.8817906
     4.1308246     4.3840814     5.9887190
     4.1908345     4.5128698     6.0963750
     4.2464714     4.6440654     6.2043443
     4.2977867     4.7774124     6.3122082
     4.3448753     4.9126258     6.4195762
     4.3879251     5.0493827     6.5260463
     4.4271326     5.1873136     6.6312637
     4.4627280     5.3260164     6.7348871
     4.4949446     5.4650707     6.8366351
     4.5240393     5.6040282     6.9362493
     4.5502620     5.7424517     7.0335231
     4.5738630     5.8798900     7.1282778
     4.5950723     6.0159082     7.2203736
     4.6141248     6.1500850     7.3097043
     4.6312389     6.2820077     7.3961802
     4.6466007     6.4112878     7.4797606
     4.6604166     6.5375657     7.5604038
     4.6728396     6.6604910     7.6381030
     4.6840281     6.7797413     7.7128472
     4.6941118     6.8950210     7.7846293
     4.7032175     7.0060501     7.8534365
     4.7114496     7.1125798     7.9192557
     4.7189021     7.2143774     7.9820642
     4.7256527     7.3112192     8.0418472
     4.7317743     7.4028978     8.0985785
     4.7373338     7.4892220     8.1522398
     4.7423663     7.5702062     8.2026796
     4.7469077     7.6458173     8.2497530
     4.7509880     7.7158799     8.2934036
     4.7546453     7.7802324     8.3335104
     4.7579026     7.8386850     8.3699818
     4.7607708     7.8911986     8.4026270
     4.7632055     7.9383206     8.4306993
     4.7651916     7.9799533     8.4538908
     4.7667441     8.0156460     8.4722805
     4.7678709     8.0448713     8.4857683
     4.7685733     8.0669584     8.4942207
     4.7688804     8.0814219     8.4979219
     4.7688909     8.0880518     8.4980488
     4.7688627     8.0898666     8.4977064
