        X           R*THETA          R
     5.0201840     8.2338257     8.4925194
     5.0201163     8.2341480     8.4911251
     5.0198994     8.2342854     8.4866457
     5.0194845     8.2315760     8.4780960
     5.0187955     8.2227163     8.4642200
     5.0178003     8.2055120     8.4444551
     5.0165143     8.1800632     8.4196377
     5.0149288     8.1462498     8.3901119
     5.0130405     8.1041002     8.3562222
     5.0108314     8.0541077     8.3182354
     5.0082893     7.9967232     8.2760897
     5.0054035     7.9320998     8.2299728
     5.0021625     7.8603687     8.1801043
     4.9985452     7.7816257     8.1266708
     4.9945354     7.6959195     8.0699120
     4.9900908     7.6036911     8.0098724
     4.9851446     7.5060272     7.9461107
     4.9796386     7.4032221     7.8786268
     4.9735165     7.2954988     7.8074574
     4.9667153     7.1830401     7.7326770
     4.9591713     7.0660267     7.6543765
     4.9507923     6.9446235     7.5726542
     4.9414988     6.8190422     7.4875932
     4.9311829     6.6895738     7.3992457
     4.9197259     6.5565362     7.3076568
     4.9069848     6.4202509     7.2128863
     4.8928237     6.2810431     7.1150031
     4.8770742     6.1392426     7.0141082
     4.8595572     5.9952087     6.9103055
     4.8400846     5.8493233     6.8036995
     4.8184400     5.7019925     6.6944251
     4.7944002     5.5536218     6.5826159
     4.7677240     5.4046288     6.4684529
     4.7381659     5.2554135     6.3521204
     4.7054515     5.1063809     6.2338648
     4.6693387     4.9579201     6.1139445
     4.6295805     4.8103986     5.9926877
     4.5859289     4.6641650     5.8704638
     4.5381966     4.5195913     5.7476630
     4.4862108     4.3770294     5.6246753
     4.4297972     4.2367730     5.5018172
     4.3687654     4.0990400     5.3794098
     4.3030114     3.9640749     5.2578225
     4.2324734     3.8320994     5.1374602
     4.1571865     3.7032802     5.0187593
     4.0772357     3.5777304     4.9021392
     3.9927590     3.4554987     4.7879615
     3.9039404     3.3366075     4.6765471
     3.8110204     3.2210634     4.5681801
     3.7142930     3.1088603     4.4631133
     3.6140962     2.9999535     4.3615608
     3.5108080     2.8942697     4.2637057
     3.4048316     2.7916000     4.1696730
     3.2965748     2.6915190     4.0795441
     3.1864371     2.5939031     3.9933524
     3.0748177     2.4986219     3.9111063
     2.9621017     2.4055383     3.8327665
     2.8486240     2.3145258     3.7582631
     2.7347176     2.2254736     3.6875162
     2.6207173     2.1383107     3.6204414
     2.5069327     2.0529530     3.5569429
     2.3936546     1.9692590     3.4969182
     2.2811575     1.8871102     3.4402595
     2.1696768     1.8064613     3.3868480
     2.0594206     1.7272933     3.3365586
     1.9505923     1.6495693     3.2892747
     1.8433822     1.5732601     3.2448826
     1.7379702     1.4983469     3.2032685
     1.6345215     1.4248211     3.1643233
     1.5331956     1.3526816     3.1279426
     1.4341463     1.2819340     3.0940228
     1.3375137     1.2125971     3.0624638
     1.2434381     1.1447022     3.0331666
     1.1520493     1.0782807     3.0060334
     1.0634698     1.0133716     2.9809678
     0.9778165     0.9500129     2.9578733
     0.8951995     0.8882413     2.9366541
     0.8157191     0.8281150     2.9172158
     0.7394601     0.7697154     2.8994589
     0.6665187     0.7130994     2.8832908
     0.5969785     0.6583095     2.8686204
     0.5309223     0.6053389     2.8553553
     0.4684330     0.5541443     2.8434057
     0.4095432     0.5048265     2.8326797
     0.3542562     0.4575543     2.8230810
     0.3026227     0.4123852     2.8145285
     0.2547339     0.3693121     2.8069518
     0.2107002     0.3282608     2.8002872
     0.1705296     0.2892955     2.7944584
     0.1341465     0.2526469     2.7882891
     0.1014182     0.2185457     2.7811100
     0.0726842     0.1865085     2.7749534
     0.0483125     0.1562724     2.7698383
     0.0282728     0.1281516     2.7657061
     0.0126928     0.1023673     2.7625394
     0.0019453     0.0792094     2.7603779
    -0.0026062     0.0587616     2.7594678
    -0.0002871     0.0436851     2.7599306
     0.0052265     0.0350530     2.7610354
     0.0101295     0.0310669     2.7620215
     0.0121689     0.0301119     2.7624335
     0.0144087     0.0295409     2.7628858
     0.0212319     0.0295060     2.7642703
     0.0320540     0.0318338     2.7664812
     0.0461923     0.0374194     2.7693985
     0.0632710     0.0466287     2.7729661
     0.0833584     0.0594768     2.7772245
     0.1066286     0.0759026     2.7822411
     0.1329703     0.0960253     2.7880280
     0.1622208     0.1199957     2.7932825
     0.1946211     0.1472378     2.7979255
     0.2305329     0.1769903     2.8032527
     0.2696544     0.2097239     2.8092759
     0.3121574     0.2450888     2.8160777
     0.3581544     0.2828297     2.8237429
     0.4075933     0.3229816     2.8323336
     0.4605029     0.3654372     2.8419313
     0.5169358     0.4100368     2.8526304
     0.5768968     0.4566773     2.8645189
     0.6403670     0.5052762     2.8776898
     0.7072904     0.5557746     2.8922305
     0.7775802     0.6081317     2.9082260
     0.8511615     0.6622779     2.9257660
     0.9279727     0.7181355     2.9449472
     1.0079198     0.7756730     2.9658625
     1.0908761     0.8348830     2.9885933
     1.1767234     0.8957296     3.0132310
     1.2654299     0.9580944     3.0398893
     1.3569537     1.0218686     3.0686934
     1.4510198     1.0871803     3.0996883
     1.5472177     1.1543022     3.1328743
     1.6455069     1.2231317     3.1683717
     1.7462368     1.2931455     3.2064610
     1.8494304     1.3641472     3.2473297
     1.9545041     1.4366074     3.2909367
     2.0609410     1.5109620     3.3372366
     2.1686869     1.5871078     3.3863859
     2.2777572     1.6648462     3.4385922
     2.3879743     1.7441847     3.4939895
     2.4990637     1.8252414     3.5526738
     2.6107392     1.9081513     3.6147382
     2.7227154     1.9930564     3.6802835
     2.8347392     2.0799921     3.7494316
     2.9465642     2.1688411     3.8223145
     3.0578539     2.2596269     3.8990245
     3.1681581     2.3527925     3.9795461
     3.2770510     2.4487801     4.0638757
     3.3842366     2.5474696     4.1520815
     3.4894190     2.6485465     4.2442307
     3.5921936     2.7523193     4.3402634
     3.6921124     2.8592722     4.4400272
     3.7887726     2.9695508     4.5433497
     3.8818283     3.0831530     4.6500425
     3.9709866     3.2000384     4.7598815
     4.0559883     3.3202066     4.8726063
     4.1366262     3.4436471     4.9879074
     4.2127457     3.5703380     5.1054449
     4.2842321     3.7001748     5.2248349
     4.3510404     3.8329937     5.3456559
     4.4131846     3.9686146     5.4675045
     4.4707670     4.1068430     5.5900111
     4.5239148     4.2474852     5.7128372
     4.5728068     4.3903522     5.8356504
     4.6176033     4.5351806     5.9581056
     4.6584783     4.6816015     6.0797858
     4.6956520     4.8292494     6.2003021
     4.7293687     4.9777794     6.3193297
     4.7598729     5.1268306     6.4365840
     4.7874250     5.2760267     6.5517983
     4.8122616     5.4249916     6.6647635
     4.8346262     5.5733271     6.7752862
     4.8547544     5.7206454     6.8832068
     4.8728571     5.8665490     6.9883809
     4.8891349     6.0106568     7.0906854
     4.9037704     6.1525922     7.1900234
     4.9169359     6.2919807     7.2863011
     4.9287753     6.4284630     7.3794656
     4.9394388     6.5617003     7.4694600
     4.9490461     6.6913753     7.5562449
     4.9577093     6.8171830     7.6397762
     4.9655294     6.9388490     7.7200146
     4.9725814     7.0560780     7.7969346
     4.9789534     7.1685953     7.8705072
     4.9847116     7.2761421     7.9407029
     4.9899096     7.3784776     8.0074883
     4.9945993     7.4754124     8.0707970
     4.9988160     7.5667400     8.1305838
     5.0025797     7.6528931     8.1863985
     5.0059032     7.7340641     8.2378521
     5.0088286     7.8099122     8.2848940
     5.0113788     7.8800721     8.3274803
     5.0135660     7.9442372     8.3655605
     5.0154171     8.0021954     8.3990440
     5.0169311     8.0539713     8.4275141
     5.0181270     8.0993252     8.4508286
     5.0190420     8.1379747     8.4691715
     5.0196934     8.1692572     8.4823971
     5.0200872     8.1925726     8.4905252
     5.0202794     8.2081423     8.4944830
     5.0203323     8.2163353     8.4955750
     5.0203385     8.2188501     8.4957094
